0.000000000000000000e+00 2.222220000000000098e-02 -1.000000000000000000e+00
0.000000000000000000e+00 0.000000000000000000e+00 -1.000000000000000000e+00
0.000000000000000000e+00 3.333330000000000320e-02 -1.000000000000000000e+00
0.000000000000000000e+00 4.444440000000000196e-02 -1.000000000000000000e+00
0.000000000000000000e+00 3.333330000000000320e-02 -1.000000000000000000e+00
0.000000000000000000e+00 5.555559999999999665e-02 -1.000000000000000000e+00
0.000000000000000000e+00 5.555559999999999665e-02 -1.000000000000000000e+00
0.000000000000000000e+00 4.444440000000000196e-02 -1.000000000000000000e+00
0.000000000000000000e+00 5.555559999999999665e-02 -1.000000000000000000e+00
0.000000000000000000e+00 5.555559999999999665e-02 -1.000000000000000000e+00
0.000000000000000000e+00 5.555559999999999665e-02 -1.000000000000000000e+00
