0.000000000000000000e+00 0.000000000000000000e+00 9.900990000000000138e-03
0.000000000000000000e+00 0.000000000000000000e+00 5.940589999999999760e-02
0.000000000000000000e+00 1.980200000000000016e-02 5.940589999999999760e-02
0.000000000000000000e+00 1.980200000000000016e-02 5.940589999999999760e-02
0.000000000000000000e+00 1.980200000000000016e-02 5.940589999999999760e-02
0.000000000000000000e+00 1.980200000000000016e-02 5.940589999999999760e-02
0.000000000000000000e+00 1.980200000000000016e-02 5.940589999999999760e-02
0.000000000000000000e+00 1.980200000000000016e-02 5.940589999999999760e-02
0.000000000000000000e+00 0.000000000000000000e+00 9.900990000000000138e-03
0.000000000000000000e+00 0.000000000000000000e+00 5.940589999999999760e-02
0.000000000000000000e+00 9.900990000000000138e-03 5.940589999999999760e-02
0.000000000000000000e+00 9.900990000000000138e-03 5.940589999999999760e-02
0.000000000000000000e+00 9.900990000000000138e-03 5.940589999999999760e-02
0.000000000000000000e+00 1.980200000000000016e-02 5.940589999999999760e-02
