0.000000000000000000e+00 0.000000000000000000e+00 -1.000000000000000000e+00
0.000000000000000000e+00 2.970300000000000024e-02 -1.000000000000000000e+00
0.000000000000000000e+00 2.970300000000000024e-02 -1.000000000000000000e+00
0.000000000000000000e+00 1.980200000000000016e-02 -1.000000000000000000e+00
0.000000000000000000e+00 2.970300000000000024e-02 -1.000000000000000000e+00
0.000000000000000000e+00 2.970300000000000024e-02 -1.000000000000000000e+00
0.000000000000000000e+00 2.970300000000000024e-02 -1.000000000000000000e+00
0.000000000000000000e+00 2.970300000000000024e-02 -1.000000000000000000e+00
0.000000000000000000e+00 2.970300000000000024e-02 -1.000000000000000000e+00
0.000000000000000000e+00 2.970300000000000024e-02 -1.000000000000000000e+00
