0.000000000000000000e+00 0.000000000000000000e+00 2.000000000000000042e-02
0.000000000000000000e+00 0.000000000000000000e+00 -1.000000000000000000e+00
0.000000000000000000e+00 1.000000000000000021e-02 2.999999999999999889e-02
0.000000000000000000e+00 1.000000000000000021e-02 -1.000000000000000000e+00
0.000000000000000000e+00 2.000000000000000042e-02 2.999999999999999889e-02
0.000000000000000000e+00 2.000000000000000042e-02 -1.000000000000000000e+00
0.000000000000000000e+00 4.000000000000000083e-02 -1.000000000000000000e+00
0.000000000000000000e+00 4.000000000000000083e-02 -1.000000000000000000e+00
0.000000000000000000e+00 4.000000000000000083e-02 -1.000000000000000000e+00
0.000000000000000000e+00 4.000000000000000083e-02 -1.000000000000000000e+00
