0.000000000000000000e+00 9.931510000000000598e-04 1.027399999999999928e-03
0.000000000000000000e+00 0.000000000000000000e+00 -1.000000000000000000e+00
0.000000000000000000e+00 1.335620000000000036e-03 -1.000000000000000000e+00
0.000000000000000000e+00 9.589040000000000064e-04 -1.000000000000000000e+00
0.000000000000000000e+00 1.198630000000000008e-03 -1.000000000000000000e+00
0.000000000000000000e+00 1.267120000000000052e-03 -1.000000000000000000e+00
0.000000000000000000e+00 1.301370000000000044e-03 -1.000000000000000000e+00
0.000000000000000000e+00 1.335620000000000036e-03 -1.000000000000000000e+00
0.000000000000000000e+00 1.335620000000000036e-03 -1.000000000000000000e+00
0.000000000000000000e+00 1.369860000000000088e-03 -1.000000000000000000e+00
