0.000000000000000000e+00 1.192890000000000026e-04 2.385780000000000051e-04
0.000000000000000000e+00 3.578669999999999941e-04 1.431470000000000008e-03
0.000000000000000000e+00 0.000000000000000000e+00 -1.000000000000000000e+00
0.000000000000000000e+00 2.027909999999999956e-03 -1.000000000000000000e+00
0.000000000000000000e+00 2.266489999999999911e-03 2.505069999999999866e-03
0.000000000000000000e+00 1.789339999999999941e-03 -1.000000000000000000e+00
0.000000000000000000e+00 2.505069999999999866e-03 -1.000000000000000000e+00
0.000000000000000000e+00 3.459380000000000181e-03 -1.000000000000000000e+00
0.000000000000000000e+00 3.697960000000000136e-03 -1.000000000000000000e+00
0.000000000000000000e+00 3.936539999999999657e-03 -1.000000000000000000e+00
0.000000000000000000e+00 3.936539999999999657e-03 -1.000000000000000000e+00
