0.000000000000000000e+00 1.075269999999999915e-03 -1.000000000000000000e+00
0.000000000000000000e+00 0.000000000000000000e+00 -1.000000000000000000e+00
0.000000000000000000e+00 1.039430000000000041e-03 -1.000000000000000000e+00
0.000000000000000000e+00 7.885299999999999601e-04 -1.000000000000000000e+00
0.000000000000000000e+00 1.111110000000000006e-03 -1.000000000000000000e+00
0.000000000000000000e+00 1.075269999999999915e-03 -1.000000000000000000e+00
0.000000000000000000e+00 8.602150000000000031e-04 -1.000000000000000000e+00
0.000000000000000000e+00 1.111110000000000006e-03 -1.000000000000000000e+00
0.000000000000000000e+00 1.039430000000000041e-03 -1.000000000000000000e+00
0.000000000000000000e+00 1.111110000000000006e-03 -1.000000000000000000e+00
