0.000000000000000000e+00 2.054790000000000024e-04 3.082189999999999843e-04
0.000000000000000000e+00 0.000000000000000000e+00 -1.000000000000000000e+00
0.000000000000000000e+00 3.424659999999999835e-04 -1.000000000000000000e+00
0.000000000000000000e+00 8.561639999999999702e-04 -1.000000000000000000e+00
0.000000000000000000e+00 7.876709999999999875e-04 -1.000000000000000000e+00
0.000000000000000000e+00 7.876709999999999875e-04 -1.000000000000000000e+00
0.000000000000000000e+00 8.561639999999999702e-04 -1.000000000000000000e+00
0.000000000000000000e+00 5.136989999999999482e-04 -1.000000000000000000e+00
0.000000000000000000e+00 6.506850000000000220e-04 -1.000000000000000000e+00
0.000000000000000000e+00 6.849319999999999671e-04 -1.000000000000000000e+00
0.000000000000000000e+00 8.219180000000000409e-04 -1.000000000000000000e+00
0.000000000000000000e+00 8.219180000000000409e-04 -1.000000000000000000e+00
