0.000000000000000000e+00 1.000000000000000021e-03 1.222219999999999990e-03
0.000000000000000000e+00 0.000000000000000000e+00 -1.000000000000000000e+00
0.000000000000000000e+00 1.444439999999999960e-03 -1.000000000000000000e+00
0.000000000000000000e+00 7.777780000000000197e-04 -1.000000000000000000e+00
0.000000000000000000e+00 1.666670000000000087e-03 -1.000000000000000000e+00
0.000000000000000000e+00 8.888890000000000203e-04 -1.000000000000000000e+00
0.000000000000000000e+00 1.777780000000000072e-03 -1.000000000000000000e+00
0.000000000000000000e+00 1.666670000000000087e-03 -1.000000000000000000e+00
0.000000000000000000e+00 8.888890000000000203e-04 -1.000000000000000000e+00
0.000000000000000000e+00 1.333329999999999975e-03 -1.000000000000000000e+00
0.000000000000000000e+00 1.777780000000000072e-03 -1.000000000000000000e+00
0.000000000000000000e+00 1.333329999999999975e-03 1.555560000000000102e-03
0.000000000000000000e+00 1.222219999999999990e-03 -1.000000000000000000e+00
0.000000000000000000e+00 1.333329999999999975e-03 -1.000000000000000000e+00
0.000000000000000000e+00 1.444439999999999960e-03 -1.000000000000000000e+00
0.000000000000000000e+00 1.666670000000000087e-03 -1.000000000000000000e+00
0.000000000000000000e+00 1.777780000000000072e-03 -1.000000000000000000e+00
