0.000000000000000000e+00 2.157889999999999982e-03 2.315789999999999862e-03
0.000000000000000000e+00 0.000000000000000000e+00 -1.000000000000000000e+00
0.000000000000000000e+00 2.421050000000000112e-03 -1.000000000000000000e+00
0.000000000000000000e+00 2.315789999999999862e-03 -1.000000000000000000e+00
0.000000000000000000e+00 2.105259999999999857e-03 -1.000000000000000000e+00
0.000000000000000000e+00 2.368419999999999987e-03 -1.000000000000000000e+00
0.000000000000000000e+00 2.421050000000000112e-03 -1.000000000000000000e+00
0.000000000000000000e+00 2.368419999999999987e-03 -1.000000000000000000e+00
0.000000000000000000e+00 2.368419999999999987e-03 -1.000000000000000000e+00
0.000000000000000000e+00 2.368419999999999987e-03 -1.000000000000000000e+00
0.000000000000000000e+00 2.368419999999999987e-03 -1.000000000000000000e+00
