0.000000000000000000e+00 3.000000000000000062e-03 3.210530000000000068e-03
0.000000000000000000e+00 4.894739999999999855e-03 -1.000000000000000000e+00
0.000000000000000000e+00 4.947370000000000413e-03 -1.000000000000000000e+00
0.000000000000000000e+00 0.000000000000000000e+00 -1.000000000000000000e+00
0.000000000000000000e+00 3.263160000000000192e-03 -1.000000000000000000e+00
0.000000000000000000e+00 4.789469999999999665e-03 -1.000000000000000000e+00
0.000000000000000000e+00 3.789470000000000078e-03 4.000000000000000083e-03
0.000000000000000000e+00 3.789470000000000078e-03 -1.000000000000000000e+00
0.000000000000000000e+00 4.736839999999999974e-03 -1.000000000000000000e+00
0.000000000000000000e+00 4.210529999999999655e-03 -1.000000000000000000e+00
0.000000000000000000e+00 4.894739999999999855e-03 -1.000000000000000000e+00
0.000000000000000000e+00 4.947370000000000413e-03 -1.000000000000000000e+00
0.000000000000000000e+00 4.894739999999999855e-03 -1.000000000000000000e+00
0.000000000000000000e+00 4.736839999999999974e-03 -1.000000000000000000e+00
0.000000000000000000e+00 4.947370000000000413e-03 -1.000000000000000000e+00
0.000000000000000000e+00 4.789469999999999665e-03 -1.000000000000000000e+00
