0.000000000000000000e+00 3.169729999999999943e-03 -1.000000000000000000e+00
0.000000000000000000e+00 0.000000000000000000e+00 -1.000000000000000000e+00
0.000000000000000000e+00 3.578730000000000019e-03 -1.000000000000000000e+00
0.000000000000000000e+00 3.987730000000000094e-03 -1.000000000000000000e+00
0.000000000000000000e+00 3.721879999999999893e-03 -1.000000000000000000e+00
0.000000000000000000e+00 3.742329999999999875e-03 -1.000000000000000000e+00
0.000000000000000000e+00 3.803679999999999822e-03 -1.000000000000000000e+00
0.000000000000000000e+00 3.987730000000000094e-03 -1.000000000000000000e+00
0.000000000000000000e+00 3.905930000000000166e-03 -1.000000000000000000e+00
0.000000000000000000e+00 4.069530000000000022e-03 -1.000000000000000000e+00
0.000000000000000000e+00 4.049080000000000040e-03 -1.000000000000000000e+00
0.000000000000000000e+00 4.049080000000000040e-03 -1.000000000000000000e+00
