0.000000000000000000e+00 4.771560000000000103e-04 5.964450000000000264e-04
0.000000000000000000e+00 0.000000000000000000e+00 -1.000000000000000000e+00
0.000000000000000000e+00 3.578669999999999941e-04 -1.000000000000000000e+00
0.000000000000000000e+00 5.964450000000000264e-04 -1.000000000000000000e+00
0.000000000000000000e+00 7.157339999999999883e-04 -1.000000000000000000e+00
0.000000000000000000e+00 1.073600000000000075e-03 -1.000000000000000000e+00
0.000000000000000000e+00 1.073600000000000075e-03 1.192890000000000053e-03
0.000000000000000000e+00 1.073600000000000075e-03 -1.000000000000000000e+00
0.000000000000000000e+00 1.192890000000000053e-03 -1.000000000000000000e+00
0.000000000000000000e+00 1.192890000000000053e-03 -1.000000000000000000e+00
0.000000000000000000e+00 1.192890000000000053e-03 -1.000000000000000000e+00
