0.000000000000000000e+00 0.000000000000000000e+00 -1.000000000000000000e+00
0.000000000000000000e+00 3.333330000000000017e-04 -1.000000000000000000e+00
0.000000000000000000e+00 8.888890000000000203e-04 -1.000000000000000000e+00
0.000000000000000000e+00 1.333329999999999975e-03 -1.000000000000000000e+00
0.000000000000000000e+00 1.444439999999999960e-03 -1.000000000000000000e+00
0.000000000000000000e+00 0.000000000000000000e+00 -1.000000000000000000e+00
0.000000000000000000e+00 8.888890000000000203e-04 1.000000000000000021e-03
0.000000000000000000e+00 1.222219999999999990e-03 -1.000000000000000000e+00
0.000000000000000000e+00 8.888890000000000203e-04 -1.000000000000000000e+00
0.000000000000000000e+00 8.888890000000000203e-04 -1.000000000000000000e+00
0.000000000000000000e+00 1.222219999999999990e-03 -1.000000000000000000e+00
0.000000000000000000e+00 1.333329999999999975e-03 -1.000000000000000000e+00
0.000000000000000000e+00 1.333329999999999975e-03 -1.000000000000000000e+00
