0.000000000000000000e+00 5.496690000000000256e-03 5.629140000000000359e-03
0.000000000000000000e+00 3.178809999999999795e-03 -1.000000000000000000e+00
0.000000000000000000e+00 4.039739999999999998e-03 -1.000000000000000000e+00
0.000000000000000000e+00 0.000000000000000000e+00 -1.000000000000000000e+00
0.000000000000000000e+00 5.695360000000000006e-03 -1.000000000000000000e+00
0.000000000000000000e+00 5.298009999999999699e-03 -1.000000000000000000e+00
0.000000000000000000e+00 5.695360000000000006e-03 -1.000000000000000000e+00
0.000000000000000000e+00 5.827810000000000108e-03 -1.000000000000000000e+00
0.000000000000000000e+00 5.827810000000000108e-03 -1.000000000000000000e+00
0.000000000000000000e+00 5.695360000000000006e-03 -1.000000000000000000e+00
0.000000000000000000e+00 5.827810000000000108e-03 -1.000000000000000000e+00
