0.000000000000000000e+00 1.336029999999999987e-03 -1.000000000000000000e+00
0.000000000000000000e+00 0.000000000000000000e+00 -1.000000000000000000e+00
0.000000000000000000e+00 1.700399999999999915e-03 -1.000000000000000000e+00
0.000000000000000000e+00 9.311739999999999991e-04 -1.000000000000000000e+00
0.000000000000000000e+00 1.619430000000000045e-03 -1.000000000000000000e+00
0.000000000000000000e+00 1.659920000000000059e-03 1.700399999999999915e-03
0.000000000000000000e+00 1.457490000000000088e-03 -1.000000000000000000e+00
0.000000000000000000e+00 1.619430000000000045e-03 -1.000000000000000000e+00
0.000000000000000000e+00 1.659920000000000059e-03 -1.000000000000000000e+00
0.000000000000000000e+00 1.740889999999999929e-03 -1.000000000000000000e+00
0.000000000000000000e+00 1.740889999999999929e-03 -1.000000000000000000e+00
0.000000000000000000e+00 1.740889999999999929e-03 -1.000000000000000000e+00
