0.000000000000000000e+00 0.000000000000000000e+00 -1.000000000000000000e+00
0.000000000000000000e+00 2.631580000000000117e-03 -1.000000000000000000e+00
0.000000000000000000e+00 2.578949999999999992e-03 -1.000000000000000000e+00
0.000000000000000000e+00 2.526319999999999868e-03 -1.000000000000000000e+00
0.000000000000000000e+00 2.368419999999999987e-03 -1.000000000000000000e+00
0.000000000000000000e+00 2.631580000000000117e-03 -1.000000000000000000e+00
0.000000000000000000e+00 2.263160000000000172e-03 2.315789999999999862e-03
0.000000000000000000e+00 2.105259999999999857e-03 2.368419999999999987e-03
0.000000000000000000e+00 1.947369999999999917e-03 -1.000000000000000000e+00
0.000000000000000000e+00 2.421050000000000112e-03 -1.000000000000000000e+00
0.000000000000000000e+00 2.631580000000000117e-03 -1.000000000000000000e+00
0.000000000000000000e+00 2.105259999999999857e-03 -1.000000000000000000e+00
0.000000000000000000e+00 2.368419999999999987e-03 2.631580000000000117e-03
0.000000000000000000e+00 2.368419999999999987e-03 2.631580000000000117e-03
0.000000000000000000e+00 2.526319999999999868e-03 2.631580000000000117e-03
0.000000000000000000e+00 2.368419999999999987e-03 -1.000000000000000000e+00
0.000000000000000000e+00 2.631580000000000117e-03 -1.000000000000000000e+00
0.000000000000000000e+00 2.631580000000000117e-03 -1.000000000000000000e+00
0.000000000000000000e+00 2.473679999999999803e-03 -1.000000000000000000e+00
0.000000000000000000e+00 2.631580000000000117e-03 -1.000000000000000000e+00
0.000000000000000000e+00 2.578949999999999992e-03 -1.000000000000000000e+00
0.000000000000000000e+00 2.631580000000000117e-03 -1.000000000000000000e+00
