0.000000000000000000e+00 0.000000000000000000e+00 -1.000000000000000000e+00
0.000000000000000000e+00 1.641789999999999959e-03 -1.000000000000000000e+00
0.000000000000000000e+00 1.492540000000000099e-03 -1.000000000000000000e+00
0.000000000000000000e+00 1.716419999999999968e-03 -1.000000000000000000e+00
0.000000000000000000e+00 1.716419999999999968e-03 -1.000000000000000000e+00
0.000000000000000000e+00 1.716419999999999968e-03 -1.000000000000000000e+00
0.000000000000000000e+00 1.716419999999999968e-03 -1.000000000000000000e+00
0.000000000000000000e+00 1.716419999999999968e-03 -1.000000000000000000e+00
0.000000000000000000e+00 1.641789999999999959e-03 -1.000000000000000000e+00
0.000000000000000000e+00 1.716419999999999968e-03 -1.000000000000000000e+00
