0.000000000000000000e+00 2.083329999999999991e-04 5.208329999999999514e-04
0.000000000000000000e+00 0.000000000000000000e+00 -1.000000000000000000e+00
0.000000000000000000e+00 6.250000000000000130e-04 -1.000000000000000000e+00
0.000000000000000000e+00 2.708330000000000112e-03 -1.000000000000000000e+00
0.000000000000000000e+00 9.374999999999999653e-04 -1.000000000000000000e+00
0.000000000000000000e+00 2.916670000000000113e-03 3.125000000000000173e-03
0.000000000000000000e+00 2.812499999999999896e-03 -1.000000000000000000e+00
0.000000000000000000e+00 3.125000000000000173e-03 -1.000000000000000000e+00
0.000000000000000000e+00 3.125000000000000173e-03 -1.000000000000000000e+00
0.000000000000000000e+00 3.125000000000000173e-03 -1.000000000000000000e+00
0.000000000000000000e+00 3.125000000000000173e-03 -1.000000000000000000e+00
