0.000000000000000000e+00 4.157890000000000023e-03 4.210529999999999655e-03
0.000000000000000000e+00 1.210530000000000026e-03 4.631579999999999725e-03
0.000000000000000000e+00 0.000000000000000000e+00 -1.000000000000000000e+00
0.000000000000000000e+00 5.631579999999999746e-03 -1.000000000000000000e+00
0.000000000000000000e+00 5.526320000000000364e-03 -1.000000000000000000e+00
0.000000000000000000e+00 5.473679999999999865e-03 -1.000000000000000000e+00
0.000000000000000000e+00 5.684210000000000304e-03 -1.000000000000000000e+00
0.000000000000000000e+00 4.263160000000000213e-03 5.263160000000000234e-03
0.000000000000000000e+00 4.210529999999999655e-03 -1.000000000000000000e+00
0.000000000000000000e+00 5.526320000000000364e-03 -1.000000000000000000e+00
0.000000000000000000e+00 5.105260000000000353e-03 -1.000000000000000000e+00
0.000000000000000000e+00 5.263160000000000234e-03 5.368419999999999616e-03
0.000000000000000000e+00 4.368419999999999595e-03 -1.000000000000000000e+00
0.000000000000000000e+00 5.368419999999999616e-03 5.684210000000000304e-03
0.000000000000000000e+00 5.631579999999999746e-03 5.684210000000000304e-03
0.000000000000000000e+00 4.736839999999999974e-03 -1.000000000000000000e+00
0.000000000000000000e+00 5.684210000000000304e-03 -1.000000000000000000e+00
0.000000000000000000e+00 5.684210000000000304e-03 -1.000000000000000000e+00
0.000000000000000000e+00 5.473679999999999865e-03 -1.000000000000000000e+00
0.000000000000000000e+00 5.684210000000000304e-03 -1.000000000000000000e+00
0.000000000000000000e+00 5.684210000000000304e-03 -1.000000000000000000e+00
0.000000000000000000e+00 5.684210000000000304e-03 -1.000000000000000000e+00
