0.000000000000000000e+00 5.607480000000000190e-04 8.411210000000000128e-04
0.000000000000000000e+00 2.803740000000000095e-04 1.588790000000000081e-03
0.000000000000000000e+00 0.000000000000000000e+00 -1.000000000000000000e+00
0.000000000000000000e+00 2.056070000000000120e-03 2.429909999999999969e-03
0.000000000000000000e+00 2.523360000000000099e-03 2.616820000000000170e-03
0.000000000000000000e+00 1.588790000000000081e-03 -1.000000000000000000e+00
0.000000000000000000e+00 2.803739999999999878e-03 2.897199999999999949e-03
0.000000000000000000e+00 2.803739999999999878e-03 2.990650000000000079e-03
0.000000000000000000e+00 2.803739999999999878e-03 2.990650000000000079e-03
0.000000000000000000e+00 2.149530000000000191e-03 -1.000000000000000000e+00
0.000000000000000000e+00 2.990650000000000079e-03 3.084110000000000150e-03
0.000000000000000000e+00 2.897199999999999949e-03 -1.000000000000000000e+00
0.000000000000000000e+00 3.177569999999999787e-03 -1.000000000000000000e+00
0.000000000000000000e+00 3.644860000000000200e-03 -1.000000000000000000e+00
0.000000000000000000e+00 3.925230000000000039e-03 -1.000000000000000000e+00
0.000000000000000000e+00 4.205610000000000251e-03 -1.000000000000000000e+00
0.000000000000000000e+00 4.299070000000000322e-03 -1.000000000000000000e+00
0.000000000000000000e+00 4.485979999999999655e-03 -1.000000000000000000e+00
0.000000000000000000e+00 4.485979999999999655e-03 -1.000000000000000000e+00
