0.000000000000000000e+00 6.666670000000000191e-04 1.199999999999999895e-03
0.000000000000000000e+00 0.000000000000000000e+00 -1.000000000000000000e+00
0.000000000000000000e+00 2.466669999999999800e-03 -1.000000000000000000e+00
0.000000000000000000e+00 2.133330000000000122e-03 -1.000000000000000000e+00
0.000000000000000000e+00 2.266670000000000143e-03 -1.000000000000000000e+00
0.000000000000000000e+00 2.399999999999999790e-03 -1.000000000000000000e+00
0.000000000000000000e+00 2.333330000000000213e-03 -1.000000000000000000e+00
0.000000000000000000e+00 2.533329999999999870e-03 -1.000000000000000000e+00
0.000000000000000000e+00 2.399999999999999790e-03 -1.000000000000000000e+00
0.000000000000000000e+00 2.466669999999999800e-03 -1.000000000000000000e+00
