0.000000000000000000e+00 2.760739999999999809e-03 2.842540000000000171e-03
0.000000000000000000e+00 0.000000000000000000e+00 -1.000000000000000000e+00
0.000000000000000000e+00 1.697340000000000090e-03 -1.000000000000000000e+00
0.000000000000000000e+00 2.331290000000000185e-03 -1.000000000000000000e+00
0.000000000000000000e+00 2.556239999999999988e-03 -1.000000000000000000e+00
0.000000000000000000e+00 2.822090000000000189e-03 -1.000000000000000000e+00
0.000000000000000000e+00 2.944790000000000081e-03 -1.000000000000000000e+00
0.000000000000000000e+00 2.822090000000000189e-03 -1.000000000000000000e+00
0.000000000000000000e+00 2.597139999999999952e-03 -1.000000000000000000e+00
0.000000000000000000e+00 2.862990000000000153e-03 -1.000000000000000000e+00
0.000000000000000000e+00 2.801640000000000207e-03 -1.000000000000000000e+00
0.000000000000000000e+00 2.903890000000000117e-03 -1.000000000000000000e+00
