0.000000000000000000e+00 1.962619999999999990e-03 2.242989999999999828e-03
0.000000000000000000e+00 4.579439999999999726e-03 -1.000000000000000000e+00
0.000000000000000000e+00 0.000000000000000000e+00 -1.000000000000000000e+00
0.000000000000000000e+00 4.579439999999999726e-03 -1.000000000000000000e+00
0.000000000000000000e+00 2.242989999999999828e-03 2.429909999999999969e-03
0.000000000000000000e+00 9.345790000000000521e-04 -1.000000000000000000e+00
0.000000000000000000e+00 4.579439999999999726e-03 -1.000000000000000000e+00
0.000000000000000000e+00 1.495330000000000010e-03 1.588790000000000081e-03
0.000000000000000000e+00 1.401869999999999939e-03 -1.000000000000000000e+00
0.000000000000000000e+00 1.682239999999999994e-03 1.775700000000000065e-03
0.000000000000000000e+00 1.682239999999999994e-03 -1.000000000000000000e+00
0.000000000000000000e+00 1.869159999999999919e-03 -1.000000000000000000e+00
0.000000000000000000e+00 2.803739999999999878e-03 -1.000000000000000000e+00
0.000000000000000000e+00 3.925230000000000039e-03 -1.000000000000000000e+00
0.000000000000000000e+00 4.205610000000000251e-03 -1.000000000000000000e+00
0.000000000000000000e+00 4.299070000000000322e-03 -1.000000000000000000e+00
0.000000000000000000e+00 4.485979999999999655e-03 4.579439999999999726e-03
0.000000000000000000e+00 4.392519999999999585e-03 -1.000000000000000000e+00
0.000000000000000000e+00 4.579439999999999726e-03 -1.000000000000000000e+00
0.000000000000000000e+00 4.579439999999999726e-03 -1.000000000000000000e+00
