0.000000000000000000e+00 0.000000000000000000e+00 -1.000000000000000000e+00
0.000000000000000000e+00 7.179490000000000177e-03 -1.000000000000000000e+00
0.000000000000000000e+00 6.410260000000000090e-03 -1.000000000000000000e+00
0.000000000000000000e+00 6.666670000000000408e-03 -1.000000000000000000e+00
0.000000000000000000e+00 7.179490000000000177e-03 -1.000000000000000000e+00
0.000000000000000000e+00 7.179490000000000177e-03 -1.000000000000000000e+00
0.000000000000000000e+00 3.846150000000000003e-03 -1.000000000000000000e+00
0.000000000000000000e+00 7.435899999999999628e-03 -1.000000000000000000e+00
0.000000000000000000e+00 6.923079999999999859e-03 -1.000000000000000000e+00
0.000000000000000000e+00 4.871789999999999975e-03 -1.000000000000000000e+00
0.000000000000000000e+00 7.435899999999999628e-03 -1.000000000000000000e+00
0.000000000000000000e+00 6.410260000000000090e-03 -1.000000000000000000e+00
