0.000000000000000000e+00 0.000000000000000000e+00 -1.000000000000000000e+00
0.000000000000000000e+00 1.849320000000000000e-03 -1.000000000000000000e+00
0.000000000000000000e+00 1.609589999999999936e-03 -1.000000000000000000e+00
0.000000000000000000e+00 1.712329999999999972e-03 -1.000000000000000000e+00
0.000000000000000000e+00 7.876709999999999875e-04 -1.000000000000000000e+00
0.000000000000000000e+00 1.506849999999999900e-03 -1.000000000000000000e+00
0.000000000000000000e+00 1.849320000000000000e-03 2.054789999999999915e-03
0.000000000000000000e+00 1.780820000000000016e-03 -1.000000000000000000e+00
0.000000000000000000e+00 2.054789999999999915e-03 -1.000000000000000000e+00
0.000000000000000000e+00 2.054789999999999915e-03 -1.000000000000000000e+00
