0.000000000000000000e+00 2.421050000000000112e-03 -1.000000000000000000e+00
0.000000000000000000e+00 0.000000000000000000e+00 -1.000000000000000000e+00
0.000000000000000000e+00 4.526320000000000343e-03 -1.000000000000000000e+00
0.000000000000000000e+00 4.526320000000000343e-03 4.684210000000000283e-03
0.000000000000000000e+00 3.736839999999999953e-03 -1.000000000000000000e+00
0.000000000000000000e+00 4.789469999999999665e-03 -1.000000000000000000e+00
0.000000000000000000e+00 4.684210000000000283e-03 -1.000000000000000000e+00
0.000000000000000000e+00 4.210529999999999655e-03 -1.000000000000000000e+00
0.000000000000000000e+00 4.736839999999999974e-03 -1.000000000000000000e+00
0.000000000000000000e+00 4.736839999999999974e-03 -1.000000000000000000e+00
0.000000000000000000e+00 4.736839999999999974e-03 -1.000000000000000000e+00
0.000000000000000000e+00 4.526320000000000343e-03 -1.000000000000000000e+00
0.000000000000000000e+00 4.684210000000000283e-03 -1.000000000000000000e+00
