0.000000000000000000e+00 8.333330000000000121e-04 1.562500000000000087e-03
0.000000000000000000e+00 0.000000000000000000e+00 -1.000000000000000000e+00
0.000000000000000000e+00 5.833330000000000286e-03 -1.000000000000000000e+00
0.000000000000000000e+00 1.770829999999999930e-03 1.874999999999999931e-03
0.000000000000000000e+00 1.354170000000000026e-03 -1.000000000000000000e+00
0.000000000000000000e+00 4.895830000000000320e-03 -1.000000000000000000e+00
0.000000000000000000e+00 2.083329999999999991e-03 -1.000000000000000000e+00
0.000000000000000000e+00 5.208329999999999731e-03 -1.000000000000000000e+00
0.000000000000000000e+00 5.833330000000000286e-03 5.937500000000000069e-03
0.000000000000000000e+00 5.729169999999999575e-03 -1.000000000000000000e+00
0.000000000000000000e+00 5.937500000000000069e-03 -1.000000000000000000e+00
0.000000000000000000e+00 5.937500000000000069e-03 -1.000000000000000000e+00
