0.000000000000000000e+00 7.432429999999999853e-04 1.486490000000000034e-03
0.000000000000000000e+00 0.000000000000000000e+00 -1.000000000000000000e+00
0.000000000000000000e+00 2.770270000000000024e-03 -1.000000000000000000e+00
0.000000000000000000e+00 1.554049999999999963e-03 -1.000000000000000000e+00
0.000000000000000000e+00 2.635139999999999792e-03 2.770270000000000024e-03
0.000000000000000000e+00 2.567569999999999922e-03 -1.000000000000000000e+00
0.000000000000000000e+00 2.770270000000000024e-03 -1.000000000000000000e+00
0.000000000000000000e+00 2.837839999999999894e-03 2.972970000000000126e-03
0.000000000000000000e+00 2.837839999999999894e-03 -1.000000000000000000e+00
0.000000000000000000e+00 2.972970000000000126e-03 -1.000000000000000000e+00
0.000000000000000000e+00 2.972970000000000126e-03 -1.000000000000000000e+00
0.000000000000000000e+00 2.972970000000000126e-03 -1.000000000000000000e+00
0.000000000000000000e+00 2.972970000000000126e-03 -1.000000000000000000e+00
