0.000000000000000000e+00 2.222220000000000011e-04 6.666670000000000191e-04
0.000000000000000000e+00 0.000000000000000000e+00 -1.000000000000000000e+00
0.000000000000000000e+00 1.000000000000000021e-03 -1.000000000000000000e+00
0.000000000000000000e+00 1.444439999999999960e-03 -1.000000000000000000e+00
0.000000000000000000e+00 1.555560000000000102e-03 -1.000000000000000000e+00
0.000000000000000000e+00 1.555560000000000102e-03 -1.000000000000000000e+00
0.000000000000000000e+00 8.888890000000000203e-04 1.000000000000000021e-03
0.000000000000000000e+00 7.777780000000000197e-04 -1.000000000000000000e+00
0.000000000000000000e+00 1.000000000000000021e-03 -1.000000000000000000e+00
0.000000000000000000e+00 1.444439999999999960e-03 1.555560000000000102e-03
0.000000000000000000e+00 1.444439999999999960e-03 -1.000000000000000000e+00
0.000000000000000000e+00 1.555560000000000102e-03 -1.000000000000000000e+00
0.000000000000000000e+00 1.555560000000000102e-03 -1.000000000000000000e+00
