0.000000000000000000e+00 1.192050000000000054e-03 -1.000000000000000000e+00
0.000000000000000000e+00 2.913910000000000024e-03 -1.000000000000000000e+00
0.000000000000000000e+00 3.178809999999999795e-03 -1.000000000000000000e+00
0.000000000000000000e+00 0.000000000000000000e+00 -1.000000000000000000e+00
0.000000000000000000e+00 3.841059999999999874e-03 -1.000000000000000000e+00
0.000000000000000000e+00 3.907279999999999955e-03 -1.000000000000000000e+00
0.000000000000000000e+00 3.841059999999999874e-03 -1.000000000000000000e+00
0.000000000000000000e+00 4.105959999999999645e-03 -1.000000000000000000e+00
0.000000000000000000e+00 4.105959999999999645e-03 -1.000000000000000000e+00
0.000000000000000000e+00 4.238409999999999747e-03 -1.000000000000000000e+00
