0.000000000000000000e+00 2.591089999999999886e-03 -1.000000000000000000e+00
0.000000000000000000e+00 0.000000000000000000e+00 -1.000000000000000000e+00
0.000000000000000000e+00 2.226720000000000175e-03 -1.000000000000000000e+00
0.000000000000000000e+00 1.336029999999999987e-03 -1.000000000000000000e+00
0.000000000000000000e+00 2.631580000000000117e-03 -1.000000000000000000e+00
0.000000000000000000e+00 2.186229999999999944e-03 -1.000000000000000000e+00
0.000000000000000000e+00 2.591089999999999886e-03 2.631580000000000117e-03
0.000000000000000000e+00 2.429150000000000146e-03 -1.000000000000000000e+00
0.000000000000000000e+00 2.550610000000000030e-03 -1.000000000000000000e+00
0.000000000000000000e+00 2.591089999999999886e-03 -1.000000000000000000e+00
0.000000000000000000e+00 2.631580000000000117e-03 -1.000000000000000000e+00
0.000000000000000000e+00 2.631580000000000117e-03 -1.000000000000000000e+00
0.000000000000000000e+00 2.631580000000000117e-03 -1.000000000000000000e+00
