0.000000000000000000e+00 0.000000000000000000e+00 -1.000000000000000000e+00
0.000000000000000000e+00 3.246230000000000122e-03 -1.000000000000000000e+00
0.000000000000000000e+00 3.165069999999999863e-03 -1.000000000000000000e+00
0.000000000000000000e+00 2.191199999999999919e-03 2.272360000000000178e-03
0.000000000000000000e+00 8.927120000000000411e-04 -1.000000000000000000e+00
0.000000000000000000e+00 2.353510000000000064e-03 -1.000000000000000000e+00
0.000000000000000000e+00 2.515830000000000150e-03 -1.000000000000000000e+00
0.000000000000000000e+00 2.678139999999999861e-03 -1.000000000000000000e+00
0.000000000000000000e+00 3.165069999999999863e-03 3.246230000000000122e-03
0.000000000000000000e+00 3.002760000000000151e-03 -1.000000000000000000e+00
0.000000000000000000e+00 3.246230000000000122e-03 3.327380000000000008e-03
0.000000000000000000e+00 3.246230000000000122e-03 -1.000000000000000000e+00
0.000000000000000000e+00 3.327380000000000008e-03 -1.000000000000000000e+00
0.000000000000000000e+00 3.327380000000000008e-03 -1.000000000000000000e+00
0.000000000000000000e+00 3.327380000000000008e-03 -1.000000000000000000e+00
