0.000000000000000000e+00 0.000000000000000000e+00 -1.000000000000000000e+00
0.000000000000000000e+00 8.243729999999999895e-04 -1.000000000000000000e+00
0.000000000000000000e+00 1.039430000000000041e-03 -1.000000000000000000e+00
0.000000000000000000e+00 6.093189999999999848e-04 -1.000000000000000000e+00
0.000000000000000000e+00 9.677419999999999512e-04 -1.000000000000000000e+00
0.000000000000000000e+00 9.677419999999999512e-04 -1.000000000000000000e+00
0.000000000000000000e+00 1.039430000000000041e-03 -1.000000000000000000e+00
0.000000000000000000e+00 1.003580000000000010e-03 -1.000000000000000000e+00
0.000000000000000000e+00 6.093189999999999848e-04 -1.000000000000000000e+00
0.000000000000000000e+00 9.319000000000000460e-04 -1.000000000000000000e+00
0.000000000000000000e+00 1.003580000000000010e-03 -1.000000000000000000e+00
