0.000000000000000000e+00 0.000000000000000000e+00 -1.000000000000000000e+00
0.000000000000000000e+00 3.319840000000000117e-03 -1.000000000000000000e+00
0.000000000000000000e+00 4.089070000000000205e-03 -1.000000000000000000e+00
0.000000000000000000e+00 4.048580000000000408e-03 -1.000000000000000000e+00
0.000000000000000000e+00 2.186229999999999944e-03 -1.000000000000000000e+00
0.000000000000000000e+00 4.089070000000000205e-03 -1.000000000000000000e+00
0.000000000000000000e+00 4.089070000000000205e-03 -1.000000000000000000e+00
0.000000000000000000e+00 3.117410000000000146e-03 -1.000000000000000000e+00
0.000000000000000000e+00 4.089070000000000205e-03 -1.000000000000000000e+00
0.000000000000000000e+00 4.089070000000000205e-03 -1.000000000000000000e+00
