0.000000000000000000e+00 0.000000000000000000e+00 -1.000000000000000000e+00
0.000000000000000000e+00 2.567569999999999922e-03 -1.000000000000000000e+00
0.000000000000000000e+00 2.567569999999999922e-03 -1.000000000000000000e+00
0.000000000000000000e+00 1.621620000000000049e-03 1.689189999999999919e-03
0.000000000000000000e+00 1.216220000000000061e-03 -1.000000000000000000e+00
0.000000000000000000e+00 1.891890000000000021e-03 -1.000000000000000000e+00
0.000000000000000000e+00 2.364859999999999879e-03 2.500000000000000052e-03
0.000000000000000000e+00 2.364859999999999879e-03 2.500000000000000052e-03
0.000000000000000000e+00 1.891890000000000021e-03 -1.000000000000000000e+00
0.000000000000000000e+00 2.567569999999999922e-03 2.635139999999999792e-03
0.000000000000000000e+00 2.567569999999999922e-03 2.635139999999999792e-03
0.000000000000000000e+00 2.500000000000000052e-03 -1.000000000000000000e+00
0.000000000000000000e+00 2.635139999999999792e-03 -1.000000000000000000e+00
0.000000000000000000e+00 2.635139999999999792e-03 -1.000000000000000000e+00
0.000000000000000000e+00 2.635139999999999792e-03 -1.000000000000000000e+00
