0.000000000000000000e+00 0.000000000000000000e+00 -1.000000000000000000e+00
0.000000000000000000e+00 2.666669999999999891e-03 -1.000000000000000000e+00
0.000000000000000000e+00 2.666669999999999891e-03 -1.000000000000000000e+00
0.000000000000000000e+00 1.777780000000000072e-03 -1.000000000000000000e+00
0.000000000000000000e+00 2.777780000000000093e-03 -1.000000000000000000e+00
0.000000000000000000e+00 2.777780000000000093e-03 2.888889999999999861e-03
0.000000000000000000e+00 1.555560000000000102e-03 -1.000000000000000000e+00
0.000000000000000000e+00 2.888889999999999861e-03 -1.000000000000000000e+00
0.000000000000000000e+00 2.888889999999999861e-03 -1.000000000000000000e+00
0.000000000000000000e+00 2.888889999999999861e-03 -1.000000000000000000e+00
0.000000000000000000e+00 2.888889999999999861e-03 -1.000000000000000000e+00
0.000000000000000000e+00 2.888889999999999861e-03 -1.000000000000000000e+00
