0.000000000000000000e+00 4.263160000000000213e-03 4.684210000000000283e-03
0.000000000000000000e+00 4.526320000000000343e-03 4.842110000000000164e-03
0.000000000000000000e+00 0.000000000000000000e+00 -1.000000000000000000e+00
0.000000000000000000e+00 5.578950000000000055e-03 -1.000000000000000000e+00
0.000000000000000000e+00 5.052629999999999795e-03 5.368419999999999616e-03
0.000000000000000000e+00 5.263160000000000234e-03 5.368419999999999616e-03
0.000000000000000000e+00 5.000000000000000104e-03 -1.000000000000000000e+00
0.000000000000000000e+00 5.368419999999999616e-03 -1.000000000000000000e+00
0.000000000000000000e+00 5.526320000000000364e-03 -1.000000000000000000e+00
0.000000000000000000e+00 5.526320000000000364e-03 -1.000000000000000000e+00
0.000000000000000000e+00 5.578950000000000055e-03 -1.000000000000000000e+00
0.000000000000000000e+00 5.578950000000000055e-03 -1.000000000000000000e+00
