0.000000000000000000e+00 1.073600000000000075e-03 1.192890000000000053e-03
0.000000000000000000e+00 0.000000000000000000e+00 -1.000000000000000000e+00
0.000000000000000000e+00 1.192890000000000053e-03 -1.000000000000000000e+00
0.000000000000000000e+00 1.192890000000000053e-03 -1.000000000000000000e+00
0.000000000000000000e+00 1.789339999999999941e-03 -1.000000000000000000e+00
0.000000000000000000e+00 1.908619999999999978e-03 -1.000000000000000000e+00
0.000000000000000000e+00 2.027909999999999956e-03 -1.000000000000000000e+00
0.000000000000000000e+00 2.266489999999999911e-03 -1.000000000000000000e+00
0.000000000000000000e+00 2.266489999999999911e-03 -1.000000000000000000e+00
0.000000000000000000e+00 2.266489999999999911e-03 -1.000000000000000000e+00
