0.000000000000000000e+00 0.000000000000000000e+00 -1.000000000000000000e+00
0.000000000000000000e+00 3.252029999999999938e-03 -1.000000000000000000e+00
0.000000000000000000e+00 3.252029999999999938e-03 -1.000000000000000000e+00
0.000000000000000000e+00 3.170730000000000076e-03 3.252029999999999938e-03
0.000000000000000000e+00 3.089430000000000214e-03 -1.000000000000000000e+00
0.000000000000000000e+00 3.252029999999999938e-03 3.333329999999999800e-03
0.000000000000000000e+00 3.252029999999999938e-03 3.333329999999999800e-03
0.000000000000000000e+00 3.252029999999999938e-03 -1.000000000000000000e+00
0.000000000000000000e+00 3.333329999999999800e-03 -1.000000000000000000e+00
0.000000000000000000e+00 3.333329999999999800e-03 -1.000000000000000000e+00
0.000000000000000000e+00 3.333329999999999800e-03 -1.000000000000000000e+00
0.000000000000000000e+00 3.333329999999999800e-03 -1.000000000000000000e+00
