0.000000000000000000e+00 7.368420000000000308e-04 1.000000000000000021e-03
0.000000000000000000e+00 2.315789999999999862e-03 -1.000000000000000000e+00
0.000000000000000000e+00 0.000000000000000000e+00 -1.000000000000000000e+00
0.000000000000000000e+00 2.315789999999999862e-03 -1.000000000000000000e+00
0.000000000000000000e+00 2.315789999999999862e-03 -1.000000000000000000e+00
0.000000000000000000e+00 2.105259999999999857e-03 -1.000000000000000000e+00
0.000000000000000000e+00 1.368419999999999966e-03 1.526320000000000064e-03
0.000000000000000000e+00 1.894740000000000009e-03 2.210530000000000047e-03
0.000000000000000000e+00 1.052629999999999929e-03 -1.000000000000000000e+00
0.000000000000000000e+00 1.736839999999999912e-03 2.000000000000000042e-03
0.000000000000000000e+00 1.684210000000000004e-03 -1.000000000000000000e+00
0.000000000000000000e+00 2.210530000000000047e-03 -1.000000000000000000e+00
0.000000000000000000e+00 2.263160000000000172e-03 -1.000000000000000000e+00
0.000000000000000000e+00 2.105259999999999857e-03 -1.000000000000000000e+00
0.000000000000000000e+00 2.157889999999999982e-03 -1.000000000000000000e+00
0.000000000000000000e+00 2.210530000000000047e-03 -1.000000000000000000e+00
