0.000000000000000000e+00 6.849319999999999671e-05 1.712329999999999918e-04
0.000000000000000000e+00 1.369859999999999925e-04 2.739730000000000008e-04
0.000000000000000000e+00 0.000000000000000000e+00 -1.000000000000000000e+00
0.000000000000000000e+00 6.506850000000000220e-04 -1.000000000000000000e+00
0.000000000000000000e+00 7.534249999999999498e-04 -1.000000000000000000e+00
0.000000000000000000e+00 4.794520000000000032e-04 7.534249999999999498e-04
0.000000000000000000e+00 2.739730000000000008e-04 -1.000000000000000000e+00
0.000000000000000000e+00 5.479449999999999859e-04 -1.000000000000000000e+00
0.000000000000000000e+00 7.534249999999999498e-04 -1.000000000000000000e+00
0.000000000000000000e+00 6.164379999999999686e-04 -1.000000000000000000e+00
0.000000000000000000e+00 7.191780000000000048e-04 -1.000000000000000000e+00
0.000000000000000000e+00 7.534249999999999498e-04 -1.000000000000000000e+00
0.000000000000000000e+00 7.534249999999999498e-04 -1.000000000000000000e+00
