0.000000000000000000e+00 1.631580000000000096e-03 1.736839999999999912e-03
0.000000000000000000e+00 0.000000000000000000e+00 -1.000000000000000000e+00
0.000000000000000000e+00 1.842110000000000102e-03 -1.000000000000000000e+00
0.000000000000000000e+00 1.789470000000000036e-03 1.894740000000000009e-03
0.000000000000000000e+00 1.736839999999999912e-03 1.894740000000000009e-03
0.000000000000000000e+00 1.842110000000000102e-03 1.894740000000000009e-03
0.000000000000000000e+00 1.631580000000000096e-03 -1.000000000000000000e+00
0.000000000000000000e+00 1.894740000000000009e-03 -1.000000000000000000e+00
0.000000000000000000e+00 1.894740000000000009e-03 -1.000000000000000000e+00
0.000000000000000000e+00 1.894740000000000009e-03 -1.000000000000000000e+00
0.000000000000000000e+00 1.894740000000000009e-03 -1.000000000000000000e+00
0.000000000000000000e+00 1.894740000000000009e-03 -1.000000000000000000e+00
0.000000000000000000e+00 1.947369999999999917e-03 -1.000000000000000000e+00
