0.000000000000000000e+00 3.973510000000000410e-03 -1.000000000000000000e+00
0.000000000000000000e+00 5.033110000000000361e-03 -1.000000000000000000e+00
0.000000000000000000e+00 5.099339999999999949e-03 -1.000000000000000000e+00
0.000000000000000000e+00 0.000000000000000000e+00 -1.000000000000000000e+00
0.000000000000000000e+00 4.900660000000000259e-03 -1.000000000000000000e+00
0.000000000000000000e+00 5.165559999999999596e-03 -1.000000000000000000e+00
0.000000000000000000e+00 5.298009999999999699e-03 -1.000000000000000000e+00
0.000000000000000000e+00 5.430459999999999801e-03 -1.000000000000000000e+00
0.000000000000000000e+00 5.364240000000000154e-03 -1.000000000000000000e+00
0.000000000000000000e+00 5.364240000000000154e-03 -1.000000000000000000e+00
0.000000000000000000e+00 5.496690000000000256e-03 -1.000000000000000000e+00
0.000000000000000000e+00 5.496690000000000256e-03 -1.000000000000000000e+00
