0.000000000000000000e+00 0.000000000000000000e+00 -1.000000000000000000e+00
0.000000000000000000e+00 1.025639999999999972e-03 -1.000000000000000000e+00
0.000000000000000000e+00 2.051279999999999944e-03 -1.000000000000000000e+00
0.000000000000000000e+00 2.051279999999999944e-03 -1.000000000000000000e+00
0.000000000000000000e+00 2.564100000000000146e-03 -1.000000000000000000e+00
0.000000000000000000e+00 2.564100000000000146e-03 -1.000000000000000000e+00
0.000000000000000000e+00 2.564100000000000146e-03 -1.000000000000000000e+00
0.000000000000000000e+00 2.820510000000000031e-03 -1.000000000000000000e+00
0.000000000000000000e+00 2.820510000000000031e-03 -1.000000000000000000e+00
0.000000000000000000e+00 3.076919999999999916e-03 -1.000000000000000000e+00
0.000000000000000000e+00 3.076919999999999916e-03 -1.000000000000000000e+00
0.000000000000000000e+00 3.333329999999999800e-03 -1.000000000000000000e+00
0.000000000000000000e+00 3.076919999999999916e-03 -1.000000000000000000e+00
0.000000000000000000e+00 2.051279999999999944e-03 -1.000000000000000000e+00
0.000000000000000000e+00 3.333329999999999800e-03 -1.000000000000000000e+00
