0.000000000000000000e+00 9.716599999999999500e-04 1.336029999999999987e-03
0.000000000000000000e+00 0.000000000000000000e+00 -1.000000000000000000e+00
0.000000000000000000e+00 2.591089999999999886e-03 -1.000000000000000000e+00
0.000000000000000000e+00 2.024290000000000204e-03 -1.000000000000000000e+00
0.000000000000000000e+00 2.631580000000000117e-03 -1.000000000000000000e+00
0.000000000000000000e+00 1.417000000000000074e-03 -1.000000000000000000e+00
0.000000000000000000e+00 2.388659999999999915e-03 -1.000000000000000000e+00
0.000000000000000000e+00 2.469639999999999943e-03 -1.000000000000000000e+00
0.000000000000000000e+00 2.591089999999999886e-03 2.631580000000000117e-03
0.000000000000000000e+00 2.591089999999999886e-03 -1.000000000000000000e+00
0.000000000000000000e+00 2.672059999999999973e-03 -1.000000000000000000e+00
0.000000000000000000e+00 2.712550000000000204e-03 -1.000000000000000000e+00
