0.000000000000000000e+00 0.000000000000000000e+00 -1.000000000000000000e+00
0.000000000000000000e+00 3.942649999999999801e-04 -1.000000000000000000e+00
0.000000000000000000e+00 9.677419999999999512e-04 -1.000000000000000000e+00
0.000000000000000000e+00 6.093189999999999848e-04 -1.000000000000000000e+00
0.000000000000000000e+00 9.677419999999999512e-04 -1.000000000000000000e+00
0.000000000000000000e+00 7.168460000000000413e-04 -1.000000000000000000e+00
0.000000000000000000e+00 8.960570000000000167e-04 -1.000000000000000000e+00
0.000000000000000000e+00 6.093189999999999848e-04 -1.000000000000000000e+00
0.000000000000000000e+00 7.526879999999999465e-04 -1.000000000000000000e+00
0.000000000000000000e+00 9.319000000000000460e-04 -1.000000000000000000e+00
