0.000000000000000000e+00 0.000000000000000000e+00 -1.000000000000000000e+00
0.000000000000000000e+00 6.504069999999999817e-04 -1.000000000000000000e+00
0.000000000000000000e+00 1.382109999999999979e-03 1.463410000000000058e-03
0.000000000000000000e+00 1.382109999999999979e-03 -1.000000000000000000e+00
0.000000000000000000e+00 1.463410000000000058e-03 -1.000000000000000000e+00
0.000000000000000000e+00 1.463410000000000058e-03 -1.000000000000000000e+00
0.000000000000000000e+00 1.544720000000000077e-03 -1.000000000000000000e+00
0.000000000000000000e+00 1.544720000000000077e-03 -1.000000000000000000e+00
0.000000000000000000e+00 1.544720000000000077e-03 -1.000000000000000000e+00
0.000000000000000000e+00 1.544720000000000077e-03 -1.000000000000000000e+00
0.000000000000000000e+00 1.544720000000000077e-03 -1.000000000000000000e+00
0.000000000000000000e+00 1.544720000000000077e-03 -1.000000000000000000e+00
