0.000000000000000000e+00 0.000000000000000000e+00 -1.000000000000000000e+00
0.000000000000000000e+00 1.883560000000000052e-03 -1.000000000000000000e+00
0.000000000000000000e+00 2.054789999999999915e-03 -1.000000000000000000e+00
0.000000000000000000e+00 2.054789999999999915e-03 -1.000000000000000000e+00
0.000000000000000000e+00 2.054789999999999915e-03 -1.000000000000000000e+00
0.000000000000000000e+00 2.020549999999999864e-03 -1.000000000000000000e+00
0.000000000000000000e+00 1.404110000000000080e-03 1.541099999999999892e-03
0.000000000000000000e+00 1.198630000000000008e-03 -1.000000000000000000e+00
0.000000000000000000e+00 2.020549999999999864e-03 -1.000000000000000000e+00
0.000000000000000000e+00 1.678079999999999980e-03 -1.000000000000000000e+00
0.000000000000000000e+00 2.054789999999999915e-03 -1.000000000000000000e+00
0.000000000000000000e+00 1.746579999999999964e-03 -1.000000000000000000e+00
0.000000000000000000e+00 1.917810000000000044e-03 -1.000000000000000000e+00
