0.000000000000000000e+00 9.345790000000000521e-05 2.803740000000000095e-04
0.000000000000000000e+00 0.000000000000000000e+00 -1.000000000000000000e+00
0.000000000000000000e+00 2.242989999999999828e-03 -1.000000000000000000e+00
0.000000000000000000e+00 2.803740000000000095e-04 -1.000000000000000000e+00
0.000000000000000000e+00 1.401869999999999939e-03 -1.000000000000000000e+00
0.000000000000000000e+00 1.962619999999999990e-03 -1.000000000000000000e+00
0.000000000000000000e+00 2.149530000000000191e-03 -1.000000000000000000e+00
0.000000000000000000e+00 2.242989999999999828e-03 -1.000000000000000000e+00
0.000000000000000000e+00 2.149530000000000191e-03 -1.000000000000000000e+00
0.000000000000000000e+00 2.149530000000000191e-03 -1.000000000000000000e+00
0.000000000000000000e+00 2.242989999999999828e-03 -1.000000000000000000e+00
