0.000000000000000000e+00 2.729039999999999743e-04 2.923979999999999743e-04
0.000000000000000000e+00 0.000000000000000000e+00 -1.000000000000000000e+00
0.000000000000000000e+00 9.746589999999999800e-05 -1.000000000000000000e+00
0.000000000000000000e+00 4.288499999999999886e-04 -1.000000000000000000e+00
0.000000000000000000e+00 3.898640000000000200e-04 -1.000000000000000000e+00
0.000000000000000000e+00 3.898640000000000200e-04 -1.000000000000000000e+00
0.000000000000000000e+00 2.923979999999999743e-04 -1.000000000000000000e+00
0.000000000000000000e+00 4.093570000000000043e-04 -1.000000000000000000e+00
0.000000000000000000e+00 3.313839999999999971e-04 -1.000000000000000000e+00
0.000000000000000000e+00 4.288499999999999886e-04 -1.000000000000000000e+00
