0.000000000000000000e+00 7.014310000000000163e-03 7.484659999999999751e-03
0.000000000000000000e+00 0.000000000000000000e+00 -1.000000000000000000e+00
0.000000000000000000e+00 7.546009999999999697e-03 -1.000000000000000000e+00
0.000000000000000000e+00 7.811860000000000331e-03 -1.000000000000000000e+00
0.000000000000000000e+00 7.975460000000000188e-03 -1.000000000000000000e+00
0.000000000000000000e+00 7.873210000000000278e-03 -1.000000000000000000e+00
0.000000000000000000e+00 7.995910000000000170e-03 -1.000000000000000000e+00
0.000000000000000000e+00 7.914110000000000242e-03 -1.000000000000000000e+00
0.000000000000000000e+00 7.975460000000000188e-03 -1.000000000000000000e+00
0.000000000000000000e+00 7.811860000000000331e-03 -1.000000000000000000e+00
0.000000000000000000e+00 7.750510000000000385e-03 -1.000000000000000000e+00
0.000000000000000000e+00 8.016360000000000152e-03 -1.000000000000000000e+00
