0.000000000000000000e+00 0.000000000000000000e+00 3.252029999999999830e-04
0.000000000000000000e+00 0.000000000000000000e+00 -1.000000000000000000e+00
0.000000000000000000e+00 7.317069999999999521e-04 -1.000000000000000000e+00
0.000000000000000000e+00 1.626019999999999994e-04 3.252029999999999830e-04
0.000000000000000000e+00 8.130079999999999924e-05 -1.000000000000000000e+00
0.000000000000000000e+00 3.252029999999999830e-04 -1.000000000000000000e+00
0.000000000000000000e+00 4.065040000000000233e-04 -1.000000000000000000e+00
0.000000000000000000e+00 4.878050000000000094e-04 -1.000000000000000000e+00
0.000000000000000000e+00 6.504069999999999817e-04 -1.000000000000000000e+00
0.000000000000000000e+00 7.317069999999999521e-04 -1.000000000000000000e+00
0.000000000000000000e+00 7.317069999999999521e-04 -1.000000000000000000e+00
0.000000000000000000e+00 7.317069999999999521e-04 -1.000000000000000000e+00
