0.000000000000000000e+00 0.000000000000000000e+00 -1.000000000000000000e+00
0.000000000000000000e+00 5.999999999999999474e-04 -1.000000000000000000e+00
0.000000000000000000e+00 4.666669999999999824e-04 -1.000000000000000000e+00
0.000000000000000000e+00 5.999999999999999474e-04 -1.000000000000000000e+00
0.000000000000000000e+00 7.333329999999999666e-04 -1.000000000000000000e+00
0.000000000000000000e+00 7.333329999999999666e-04 -1.000000000000000000e+00
0.000000000000000000e+00 8.000000000000000383e-04 -1.000000000000000000e+00
0.000000000000000000e+00 8.666670000000000016e-04 -1.000000000000000000e+00
0.000000000000000000e+00 8.000000000000000383e-04 -1.000000000000000000e+00
0.000000000000000000e+00 8.000000000000000383e-04 -1.000000000000000000e+00
