0.000000000000000000e+00 4.000000000000000192e-04 4.666669999999999824e-04
0.000000000000000000e+00 0.000000000000000000e+00 -1.000000000000000000e+00
0.000000000000000000e+00 5.666670000000000387e-03 -1.000000000000000000e+00
0.000000000000000000e+00 5.733330000000000023e-03 -1.000000000000000000e+00
0.000000000000000000e+00 1.466669999999999996e-03 1.533330000000000066e-03
0.000000000000000000e+00 4.533330000000000345e-03 4.599999999999999922e-03
0.000000000000000000e+00 3.333330000000000017e-04 -1.000000000000000000e+00
0.000000000000000000e+00 5.466669999999999863e-03 5.533330000000000366e-03
0.000000000000000000e+00 5.466669999999999863e-03 5.533330000000000366e-03
0.000000000000000000e+00 4.666670000000000366e-03 -1.000000000000000000e+00
0.000000000000000000e+00 5.666670000000000387e-03 5.733330000000000023e-03
0.000000000000000000e+00 5.666670000000000387e-03 -1.000000000000000000e+00
0.000000000000000000e+00 5.799999999999999600e-03 -1.000000000000000000e+00
0.000000000000000000e+00 5.799999999999999600e-03 -1.000000000000000000e+00
