0.000000000000000000e+00 3.526319999999999889e-03 3.789470000000000078e-03
0.000000000000000000e+00 0.000000000000000000e+00 -1.000000000000000000e+00
0.000000000000000000e+00 6.842109999999999989e-04 -1.000000000000000000e+00
0.000000000000000000e+00 2.789470000000000057e-03 -1.000000000000000000e+00
0.000000000000000000e+00 4.526320000000000343e-03 4.578950000000000034e-03
0.000000000000000000e+00 4.473679999999999844e-03 4.578950000000000034e-03
0.000000000000000000e+00 4.526320000000000343e-03 4.578950000000000034e-03
0.000000000000000000e+00 3.736839999999999953e-03 -1.000000000000000000e+00
0.000000000000000000e+00 4.421050000000000153e-03 -1.000000000000000000e+00
0.000000000000000000e+00 4.578950000000000034e-03 -1.000000000000000000e+00
0.000000000000000000e+00 4.578950000000000034e-03 -1.000000000000000000e+00
0.000000000000000000e+00 4.578950000000000034e-03 -1.000000000000000000e+00
0.000000000000000000e+00 4.578950000000000034e-03 -1.000000000000000000e+00
