0.000000000000000000e+00 7.157339999999999883e-04 8.350229999999999502e-04
0.000000000000000000e+00 0.000000000000000000e+00 -1.000000000000000000e+00
0.000000000000000000e+00 2.147200000000000150e-03 -1.000000000000000000e+00
0.000000000000000000e+00 2.147200000000000150e-03 -1.000000000000000000e+00
0.000000000000000000e+00 1.192890000000000053e-03 -1.000000000000000000e+00
0.000000000000000000e+00 1.670049999999999963e-03 1.789339999999999941e-03
0.000000000000000000e+00 1.192890000000000053e-03 -1.000000000000000000e+00
0.000000000000000000e+00 2.027909999999999956e-03 -1.000000000000000000e+00
0.000000000000000000e+00 2.147200000000000150e-03 -1.000000000000000000e+00
0.000000000000000000e+00 2.147200000000000150e-03 -1.000000000000000000e+00
