0.000000000000000000e+00 6.222219999999999661e-03 6.444440000000000064e-03
0.000000000000000000e+00 6.888889999999999944e-03 7.000000000000000146e-03
0.000000000000000000e+00 0.000000000000000000e+00 -1.000000000000000000e+00
0.000000000000000000e+00 7.000000000000000146e-03 -1.000000000000000000e+00
0.000000000000000000e+00 7.000000000000000146e-03 -1.000000000000000000e+00
0.000000000000000000e+00 6.777779999999999742e-03 -1.000000000000000000e+00
0.000000000000000000e+00 7.000000000000000146e-03 -1.000000000000000000e+00
0.000000000000000000e+00 6.777779999999999742e-03 -1.000000000000000000e+00
0.000000000000000000e+00 7.000000000000000146e-03 -1.000000000000000000e+00
0.000000000000000000e+00 7.000000000000000146e-03 -1.000000000000000000e+00
