0.000000000000000000e+00 1.562500000000000087e-03 1.718750000000000009e-03
0.000000000000000000e+00 0.000000000000000000e+00 -1.000000000000000000e+00
0.000000000000000000e+00 1.093750000000000104e-03 -1.000000000000000000e+00
0.000000000000000000e+00 2.187500000000000208e-03 2.343749999999999913e-03
0.000000000000000000e+00 1.562500000000000087e-03 -1.000000000000000000e+00
0.000000000000000000e+00 2.031250000000000069e-03 -1.000000000000000000e+00
0.000000000000000000e+00 2.343749999999999913e-03 -1.000000000000000000e+00
0.000000000000000000e+00 2.500000000000000052e-03 -1.000000000000000000e+00
0.000000000000000000e+00 2.656250000000000191e-03 -1.000000000000000000e+00
0.000000000000000000e+00 2.968750000000000035e-03 -1.000000000000000000e+00
