0.000000000000000000e+00 1.869159999999999973e-04 4.672899999999999797e-04
0.000000000000000000e+00 0.000000000000000000e+00 -1.000000000000000000e+00
0.000000000000000000e+00 1.121500000000000101e-03 -1.000000000000000000e+00
0.000000000000000000e+00 7.476639999999999892e-04 -1.000000000000000000e+00
0.000000000000000000e+00 1.121500000000000101e-03 -1.000000000000000000e+00
0.000000000000000000e+00 4.672899999999999797e-04 7.476639999999999892e-04
0.000000000000000000e+00 3.738319999999999946e-04 -1.000000000000000000e+00
0.000000000000000000e+00 1.121500000000000101e-03 -1.000000000000000000e+00
0.000000000000000000e+00 6.542059999999999499e-04 -1.000000000000000000e+00
0.000000000000000000e+00 9.345790000000000521e-04 -1.000000000000000000e+00
0.000000000000000000e+00 1.028040000000000030e-03 -1.000000000000000000e+00
0.000000000000000000e+00 1.121500000000000101e-03 -1.000000000000000000e+00
0.000000000000000000e+00 1.214950000000000014e-03 -1.000000000000000000e+00
0.000000000000000000e+00 1.214950000000000014e-03 -1.000000000000000000e+00
