0.000000000000000000e+00 0.000000000000000000e+00 -1.000000000000000000e+00
0.000000000000000000e+00 1.643839999999999928e-03 -1.000000000000000000e+00
0.000000000000000000e+00 1.267120000000000052e-03 -1.000000000000000000e+00
0.000000000000000000e+00 1.575339999999999943e-03 -1.000000000000000000e+00
0.000000000000000000e+00 5.479449999999999859e-04 -1.000000000000000000e+00
0.000000000000000000e+00 1.095889999999999972e-03 -1.000000000000000000e+00
0.000000000000000000e+00 1.404110000000000080e-03 1.609589999999999936e-03
0.000000000000000000e+00 1.369860000000000088e-03 -1.000000000000000000e+00
0.000000000000000000e+00 1.609589999999999936e-03 -1.000000000000000000e+00
0.000000000000000000e+00 1.609589999999999936e-03 -1.000000000000000000e+00
