0.000000000000000000e+00 5.222669999999999570e-03 5.263160000000000234e-03
0.000000000000000000e+00 0.000000000000000000e+00 -1.000000000000000000e+00
0.000000000000000000e+00 4.615379999999999656e-03 -1.000000000000000000e+00
0.000000000000000000e+00 5.182189999999999713e-03 -1.000000000000000000e+00
0.000000000000000000e+00 5.384619999999999684e-03 -1.000000000000000000e+00
0.000000000000000000e+00 3.643720000000000032e-03 -1.000000000000000000e+00
0.000000000000000000e+00 5.303640000000000090e-03 -1.000000000000000000e+00
0.000000000000000000e+00 5.344129999999999887e-03 -1.000000000000000000e+00
0.000000000000000000e+00 4.655870000000000321e-03 -1.000000000000000000e+00
0.000000000000000000e+00 5.384619999999999684e-03 -1.000000000000000000e+00
0.000000000000000000e+00 5.384619999999999684e-03 -1.000000000000000000e+00
