0.000000000000000000e+00 2.066670000000000052e-03 -1.000000000000000000e+00
0.000000000000000000e+00 0.000000000000000000e+00 -1.000000000000000000e+00
0.000000000000000000e+00 2.066670000000000052e-03 -1.000000000000000000e+00
0.000000000000000000e+00 2.066670000000000052e-03 -1.000000000000000000e+00
0.000000000000000000e+00 8.000000000000000383e-04 -1.000000000000000000e+00
0.000000000000000000e+00 1.666670000000000087e-03 1.799999999999999951e-03
0.000000000000000000e+00 1.466669999999999996e-03 -1.000000000000000000e+00
0.000000000000000000e+00 1.600000000000000077e-03 -1.000000000000000000e+00
0.000000000000000000e+00 1.933330000000000031e-03 -1.000000000000000000e+00
0.000000000000000000e+00 2.000000000000000042e-03 -1.000000000000000000e+00
0.000000000000000000e+00 2.000000000000000042e-03 -1.000000000000000000e+00
