0.000000000000000000e+00 1.351350000000000131e-04 5.405409999999999599e-04
0.000000000000000000e+00 0.000000000000000000e+00 -1.000000000000000000e+00
0.000000000000000000e+00 1.081080000000000105e-03 -1.000000000000000000e+00
0.000000000000000000e+00 6.756759999999999459e-04 -1.000000000000000000e+00
0.000000000000000000e+00 1.013510000000000019e-03 1.148649999999999975e-03
0.000000000000000000e+00 1.081080000000000105e-03 1.148649999999999975e-03
0.000000000000000000e+00 1.013510000000000019e-03 1.148649999999999975e-03
0.000000000000000000e+00 1.013510000000000019e-03 -1.000000000000000000e+00
0.000000000000000000e+00 1.148649999999999975e-03 -1.000000000000000000e+00
0.000000000000000000e+00 1.148649999999999975e-03 -1.000000000000000000e+00
0.000000000000000000e+00 1.148649999999999975e-03 -1.000000000000000000e+00
0.000000000000000000e+00 1.148649999999999975e-03 -1.000000000000000000e+00
