0.000000000000000000e+00 3.000000000000000062e-03 -1.000000000000000000e+00
0.000000000000000000e+00 3.111109999999999830e-03 -1.000000000000000000e+00
0.000000000000000000e+00 3.444440000000000002e-03 -1.000000000000000000e+00
0.000000000000000000e+00 2.444439999999999981e-03 -1.000000000000000000e+00
0.000000000000000000e+00 0.000000000000000000e+00 -1.000000000000000000e+00
0.000000000000000000e+00 3.444440000000000002e-03 -1.000000000000000000e+00
0.000000000000000000e+00 3.333329999999999800e-03 -1.000000000000000000e+00
0.000000000000000000e+00 3.333329999999999800e-03 -1.000000000000000000e+00
0.000000000000000000e+00 3.444440000000000002e-03 -1.000000000000000000e+00
0.000000000000000000e+00 3.444440000000000002e-03 -1.000000000000000000e+00
