0.000000000000000000e+00 2.820510000000000031e-03 -1.000000000000000000e+00
0.000000000000000000e+00 0.000000000000000000e+00 -1.000000000000000000e+00
0.000000000000000000e+00 2.051279999999999944e-03 -1.000000000000000000e+00
0.000000000000000000e+00 2.820510000000000031e-03 -1.000000000000000000e+00
0.000000000000000000e+00 2.820510000000000031e-03 -1.000000000000000000e+00
0.000000000000000000e+00 2.820510000000000031e-03 -1.000000000000000000e+00
0.000000000000000000e+00 1.538459999999999958e-03 -1.000000000000000000e+00
0.000000000000000000e+00 2.820510000000000031e-03 -1.000000000000000000e+00
0.000000000000000000e+00 1.794870000000000059e-03 -1.000000000000000000e+00
0.000000000000000000e+00 2.307689999999999828e-03 -1.000000000000000000e+00
0.000000000000000000e+00 2.564100000000000146e-03 -1.000000000000000000e+00
0.000000000000000000e+00 2.820510000000000031e-03 -1.000000000000000000e+00
