0.000000000000000000e+00 1.659920000000000059e-03 1.700399999999999915e-03
0.000000000000000000e+00 0.000000000000000000e+00 -1.000000000000000000e+00
0.000000000000000000e+00 1.821860000000000016e-03 -1.000000000000000000e+00
0.000000000000000000e+00 2.469639999999999943e-03 -1.000000000000000000e+00
0.000000000000000000e+00 2.145750000000000088e-03 2.186229999999999944e-03
0.000000000000000000e+00 2.064780000000000001e-03 -1.000000000000000000e+00
0.000000000000000000e+00 2.510119999999999799e-03 -1.000000000000000000e+00
0.000000000000000000e+00 2.348180000000000059e-03 -1.000000000000000000e+00
0.000000000000000000e+00 2.510119999999999799e-03 -1.000000000000000000e+00
0.000000000000000000e+00 2.469639999999999943e-03 -1.000000000000000000e+00
0.000000000000000000e+00 2.510119999999999799e-03 -1.000000000000000000e+00
