0.000000000000000000e+00 0.000000000000000000e+00 -1.000000000000000000e+00
0.000000000000000000e+00 5.205480000000000176e-03 -1.000000000000000000e+00
0.000000000000000000e+00 4.760269999999999606e-03 -1.000000000000000000e+00
0.000000000000000000e+00 5.239729999999999735e-03 -1.000000000000000000e+00
0.000000000000000000e+00 5.239729999999999735e-03 -1.000000000000000000e+00
0.000000000000000000e+00 4.897259999999999634e-03 -1.000000000000000000e+00
0.000000000000000000e+00 5.068490000000000148e-03 -1.000000000000000000e+00
0.000000000000000000e+00 5.205480000000000176e-03 -1.000000000000000000e+00
0.000000000000000000e+00 5.239729999999999735e-03 -1.000000000000000000e+00
0.000000000000000000e+00 5.205480000000000176e-03 -1.000000000000000000e+00
