0.000000000000000000e+00 3.684209999999999829e-03 4.157890000000000023e-03
0.000000000000000000e+00 4.052629999999999774e-03 4.157890000000000023e-03
0.000000000000000000e+00 0.000000000000000000e+00 -1.000000000000000000e+00
0.000000000000000000e+00 4.473679999999999844e-03 -1.000000000000000000e+00
0.000000000000000000e+00 4.526320000000000343e-03 -1.000000000000000000e+00
0.000000000000000000e+00 4.526320000000000343e-03 -1.000000000000000000e+00
0.000000000000000000e+00 4.368419999999999595e-03 -1.000000000000000000e+00
0.000000000000000000e+00 4.526320000000000343e-03 -1.000000000000000000e+00
0.000000000000000000e+00 4.526320000000000343e-03 -1.000000000000000000e+00
0.000000000000000000e+00 4.473679999999999844e-03 -1.000000000000000000e+00
0.000000000000000000e+00 4.263160000000000213e-03 -1.000000000000000000e+00
0.000000000000000000e+00 4.473679999999999844e-03 -1.000000000000000000e+00
0.000000000000000000e+00 4.526320000000000343e-03 -1.000000000000000000e+00
0.000000000000000000e+00 4.473679999999999844e-03 -1.000000000000000000e+00
