0.000000000000000000e+00 0.000000000000000000e+00 -1.000000000000000000e+00
0.000000000000000000e+00 2.602740000000000088e-03 -1.000000000000000000e+00
0.000000000000000000e+00 2.191779999999999944e-03 -1.000000000000000000e+00
0.000000000000000000e+00 1.986299999999999871e-03 -1.000000000000000000e+00
0.000000000000000000e+00 2.397260000000000016e-03 -1.000000000000000000e+00
0.000000000000000000e+00 2.534250000000000044e-03 -1.000000000000000000e+00
0.000000000000000000e+00 2.636990000000000080e-03 -1.000000000000000000e+00
0.000000000000000000e+00 2.671230000000000132e-03 -1.000000000000000000e+00
0.000000000000000000e+00 2.671230000000000132e-03 -1.000000000000000000e+00
0.000000000000000000e+00 2.705480000000000124e-03 -1.000000000000000000e+00
