0.000000000000000000e+00 0.000000000000000000e+00 -1.000000000000000000e+00
0.000000000000000000e+00 8.888890000000000203e-04 -1.000000000000000000e+00
0.000000000000000000e+00 2.555560000000000123e-03 2.777780000000000093e-03
0.000000000000000000e+00 2.555560000000000123e-03 2.777780000000000093e-03
0.000000000000000000e+00 2.333330000000000213e-03 -1.000000000000000000e+00
0.000000000000000000e+00 2.777780000000000093e-03 -1.000000000000000000e+00
0.000000000000000000e+00 2.777780000000000093e-03 -1.000000000000000000e+00
0.000000000000000000e+00 2.777780000000000093e-03 -1.000000000000000000e+00
0.000000000000000000e+00 3.000000000000000062e-03 -1.000000000000000000e+00
0.000000000000000000e+00 3.111109999999999830e-03 -1.000000000000000000e+00
