0.000000000000000000e+00 2.105259999999999966e-04 2.210530000000000047e-03
0.000000000000000000e+00 0.000000000000000000e+00 -1.000000000000000000e+00
0.000000000000000000e+00 3.000000000000000062e-03 -1.000000000000000000e+00
0.000000000000000000e+00 2.684209999999999808e-03 -1.000000000000000000e+00
0.000000000000000000e+00 3.000000000000000062e-03 -1.000000000000000000e+00
0.000000000000000000e+00 2.578949999999999992e-03 2.736839999999999933e-03
0.000000000000000000e+00 2.578949999999999992e-03 -1.000000000000000000e+00
0.000000000000000000e+00 2.789470000000000057e-03 -1.000000000000000000e+00
0.000000000000000000e+00 1.894740000000000009e-03 -1.000000000000000000e+00
0.000000000000000000e+00 2.736839999999999933e-03 2.842110000000000122e-03
0.000000000000000000e+00 2.684209999999999808e-03 -1.000000000000000000e+00
0.000000000000000000e+00 2.842110000000000122e-03 3.000000000000000062e-03
0.000000000000000000e+00 2.894739999999999813e-03 3.000000000000000062e-03
0.000000000000000000e+00 2.842110000000000122e-03 -1.000000000000000000e+00
0.000000000000000000e+00 2.842110000000000122e-03 -1.000000000000000000e+00
0.000000000000000000e+00 3.000000000000000062e-03 -1.000000000000000000e+00
0.000000000000000000e+00 3.000000000000000062e-03 -1.000000000000000000e+00
0.000000000000000000e+00 3.000000000000000062e-03 -1.000000000000000000e+00
0.000000000000000000e+00 3.000000000000000062e-03 -1.000000000000000000e+00
0.000000000000000000e+00 3.000000000000000062e-03 -1.000000000000000000e+00
