0.000000000000000000e+00 1.626019999999999994e-04 5.691059999999999956e-04
0.000000000000000000e+00 0.000000000000000000e+00 -1.000000000000000000e+00
0.000000000000000000e+00 9.756100000000000189e-04 -1.000000000000000000e+00
0.000000000000000000e+00 1.219510000000000038e-03 1.382109999999999979e-03
0.000000000000000000e+00 1.219510000000000038e-03 -1.000000000000000000e+00
0.000000000000000000e+00 1.382109999999999979e-03 1.544720000000000077e-03
0.000000000000000000e+00 1.463410000000000058e-03 1.544720000000000077e-03
0.000000000000000000e+00 1.382109999999999979e-03 -1.000000000000000000e+00
0.000000000000000000e+00 1.544720000000000077e-03 1.707320000000000018e-03
0.000000000000000000e+00 1.626019999999999939e-03 1.707320000000000018e-03
0.000000000000000000e+00 1.544720000000000077e-03 -1.000000000000000000e+00
0.000000000000000000e+00 1.707320000000000018e-03 1.788620000000000097e-03
0.000000000000000000e+00 1.707320000000000018e-03 1.788620000000000097e-03
0.000000000000000000e+00 1.707320000000000018e-03 -1.000000000000000000e+00
0.000000000000000000e+00 1.788620000000000097e-03 -1.000000000000000000e+00
0.000000000000000000e+00 1.788620000000000097e-03 -1.000000000000000000e+00
0.000000000000000000e+00 1.788620000000000097e-03 -1.000000000000000000e+00
