0.000000000000000000e+00 1.133330000000000101e-03 -1.000000000000000000e+00
0.000000000000000000e+00 0.000000000000000000e+00 -1.000000000000000000e+00
0.000000000000000000e+00 1.733329999999999940e-03 -1.000000000000000000e+00
0.000000000000000000e+00 1.133330000000000101e-03 -1.000000000000000000e+00
0.000000000000000000e+00 1.399999999999999986e-03 1.466669999999999996e-03
0.000000000000000000e+00 1.266669999999999905e-03 -1.000000000000000000e+00
0.000000000000000000e+00 1.533330000000000066e-03 -1.000000000000000000e+00
0.000000000000000000e+00 1.733329999999999940e-03 -1.000000000000000000e+00
0.000000000000000000e+00 1.733329999999999940e-03 -1.000000000000000000e+00
0.000000000000000000e+00 1.733329999999999940e-03 -1.000000000000000000e+00
0.000000000000000000e+00 1.733329999999999940e-03 -1.000000000000000000e+00
