0.000000000000000000e+00 7.284770000000000308e-03 7.417220000000000410e-03
0.000000000000000000e+00 7.483440000000000057e-03 7.615890000000000160e-03
0.000000000000000000e+00 0.000000000000000000e+00 -1.000000000000000000e+00
0.000000000000000000e+00 5.629140000000000359e-03 -1.000000000000000000e+00
0.000000000000000000e+00 5.496690000000000256e-03 -1.000000000000000000e+00
0.000000000000000000e+00 6.887420000000000000e-03 -1.000000000000000000e+00
0.000000000000000000e+00 7.152320000000000205e-03 -1.000000000000000000e+00
0.000000000000000000e+00 7.483440000000000057e-03 -1.000000000000000000e+00
0.000000000000000000e+00 7.682119999999999747e-03 -1.000000000000000000e+00
0.000000000000000000e+00 7.615890000000000160e-03 -1.000000000000000000e+00
0.000000000000000000e+00 7.682119999999999747e-03 -1.000000000000000000e+00
