0.000000000000000000e+00 2.210530000000000047e-03 2.315789999999999862e-03
0.000000000000000000e+00 3.263160000000000192e-03 3.578950000000000013e-03
0.000000000000000000e+00 0.000000000000000000e+00 -1.000000000000000000e+00
0.000000000000000000e+00 2.105259999999999857e-03 -1.000000000000000000e+00
0.000000000000000000e+00 3.736839999999999953e-03 -1.000000000000000000e+00
0.000000000000000000e+00 3.578950000000000013e-03 3.684209999999999829e-03
0.000000000000000000e+00 3.578950000000000013e-03 3.736839999999999953e-03
0.000000000000000000e+00 2.631580000000000117e-03 -1.000000000000000000e+00
0.000000000000000000e+00 3.684209999999999829e-03 -1.000000000000000000e+00
0.000000000000000000e+00 3.736839999999999953e-03 -1.000000000000000000e+00
0.000000000000000000e+00 3.736839999999999953e-03 -1.000000000000000000e+00
