0.000000000000000000e+00 8.130079999999999924e-05 2.439019999999999968e-04
0.000000000000000000e+00 0.000000000000000000e+00 -1.000000000000000000e+00
0.000000000000000000e+00 3.983740000000000371e-03 -1.000000000000000000e+00
0.000000000000000000e+00 3.983740000000000371e-03 -1.000000000000000000e+00
0.000000000000000000e+00 3.170730000000000076e-03 -1.000000000000000000e+00
0.000000000000000000e+00 3.414630000000000096e-03 -1.000000000000000000e+00
0.000000000000000000e+00 3.821140000000000213e-03 -1.000000000000000000e+00
0.000000000000000000e+00 3.821140000000000213e-03 -1.000000000000000000e+00
0.000000000000000000e+00 3.983740000000000371e-03 -1.000000000000000000e+00
0.000000000000000000e+00 3.902440000000000075e-03 -1.000000000000000000e+00
0.000000000000000000e+00 3.983740000000000371e-03 -1.000000000000000000e+00
