0.000000000000000000e+00 0.000000000000000000e+00 -1.000000000000000000e+00
0.000000000000000000e+00 4.054050000000000123e-04 -1.000000000000000000e+00
0.000000000000000000e+00 4.054050000000000123e-04 -1.000000000000000000e+00
0.000000000000000000e+00 4.729730000000000132e-04 5.405409999999999599e-04
0.000000000000000000e+00 4.729730000000000132e-04 -1.000000000000000000e+00
0.000000000000000000e+00 5.405409999999999599e-04 6.081079999999999992e-04
0.000000000000000000e+00 5.405409999999999599e-04 -1.000000000000000000e+00
0.000000000000000000e+00 6.081079999999999992e-04 -1.000000000000000000e+00
0.000000000000000000e+00 6.081079999999999992e-04 -1.000000000000000000e+00
0.000000000000000000e+00 6.081079999999999992e-04 -1.000000000000000000e+00
