0.000000000000000000e+00 2.740289999999999827e-03 2.985690000000000045e-03
0.000000000000000000e+00 3.190179999999999925e-03 3.394680000000000180e-03
0.000000000000000000e+00 0.000000000000000000e+00 -1.000000000000000000e+00
0.000000000000000000e+00 3.333329999999999800e-03 -1.000000000000000000e+00
0.000000000000000000e+00 3.231079999999999890e-03 -1.000000000000000000e+00
0.000000000000000000e+00 2.269939999999999805e-03 -1.000000000000000000e+00
0.000000000000000000e+00 3.312879999999999818e-03 -1.000000000000000000e+00
0.000000000000000000e+00 3.312879999999999818e-03 -1.000000000000000000e+00
0.000000000000000000e+00 3.394680000000000180e-03 -1.000000000000000000e+00
0.000000000000000000e+00 3.231079999999999890e-03 -1.000000000000000000e+00
0.000000000000000000e+00 3.190179999999999925e-03 -1.000000000000000000e+00
0.000000000000000000e+00 3.231079999999999890e-03 -1.000000000000000000e+00
0.000000000000000000e+00 3.190179999999999925e-03 -1.000000000000000000e+00
0.000000000000000000e+00 3.128829999999999979e-03 -1.000000000000000000e+00
0.000000000000000000e+00 3.394680000000000180e-03 -1.000000000000000000e+00
