0.000000000000000000e+00 2.434670000000000052e-04 3.246230000000000122e-04
0.000000000000000000e+00 3.408539999999999834e-03 -1.000000000000000000e+00
0.000000000000000000e+00 0.000000000000000000e+00 -1.000000000000000000e+00
0.000000000000000000e+00 3.246230000000000122e-03 -1.000000000000000000e+00
0.000000000000000000e+00 3.246230000000000122e-04 -1.000000000000000000e+00
0.000000000000000000e+00 2.840450000000000006e-03 -1.000000000000000000e+00
0.000000000000000000e+00 3.327380000000000008e-03 -1.000000000000000000e+00
0.000000000000000000e+00 3.489690000000000153e-03 -1.000000000000000000e+00
0.000000000000000000e+00 3.489690000000000153e-03 -1.000000000000000000e+00
0.000000000000000000e+00 3.489690000000000153e-03 -1.000000000000000000e+00
