0.000000000000000000e+00 0.000000000000000000e+00 -1.000000000000000000e+00
0.000000000000000000e+00 2.439020000000000077e-03 -1.000000000000000000e+00
0.000000000000000000e+00 6.504069999999999817e-04 -1.000000000000000000e+00
0.000000000000000000e+00 1.300809999999999900e-03 -1.000000000000000000e+00
0.000000000000000000e+00 1.544720000000000077e-03 -1.000000000000000000e+00
0.000000000000000000e+00 1.951220000000000038e-03 -1.000000000000000000e+00
0.000000000000000000e+00 2.439020000000000077e-03 2.520329999999999879e-03
0.000000000000000000e+00 2.276419999999999919e-03 -1.000000000000000000e+00
0.000000000000000000e+00 2.520329999999999879e-03 -1.000000000000000000e+00
0.000000000000000000e+00 2.520329999999999879e-03 -1.000000000000000000e+00
