0.000000000000000000e+00 0.000000000000000000e+00 -1.000000000000000000e+00
0.000000000000000000e+00 1.874999999999999931e-03 -1.000000000000000000e+00
0.000000000000000000e+00 2.968750000000000035e-03 -1.000000000000000000e+00
0.000000000000000000e+00 2.031250000000000069e-03 -1.000000000000000000e+00
0.000000000000000000e+00 2.187500000000000208e-03 -1.000000000000000000e+00
0.000000000000000000e+00 2.812499999999999896e-03 3.906250000000000000e-03
0.000000000000000000e+00 2.656250000000000191e-03 -1.000000000000000000e+00
0.000000000000000000e+00 3.906250000000000000e-03 4.531249999999999688e-03
0.000000000000000000e+00 3.906250000000000000e-03 -1.000000000000000000e+00
0.000000000000000000e+00 4.531249999999999688e-03 -1.000000000000000000e+00
0.000000000000000000e+00 4.687499999999999827e-03 -1.000000000000000000e+00
