0.000000000000000000e+00 6.666669999999999649e-05 4.000000000000000192e-04
0.000000000000000000e+00 0.000000000000000000e+00 -1.000000000000000000e+00
0.000000000000000000e+00 8.000000000000000383e-04 -1.000000000000000000e+00
0.000000000000000000e+00 9.333329999999999491e-04 -1.000000000000000000e+00
0.000000000000000000e+00 1.000000000000000021e-03 -1.000000000000000000e+00
0.000000000000000000e+00 5.333329999999999842e-04 6.666670000000000191e-04
0.000000000000000000e+00 4.000000000000000192e-04 -1.000000000000000000e+00
0.000000000000000000e+00 8.000000000000000383e-04 8.666670000000000016e-04
0.000000000000000000e+00 6.666670000000000191e-04 -1.000000000000000000e+00
0.000000000000000000e+00 8.666670000000000016e-04 -1.000000000000000000e+00
0.000000000000000000e+00 9.333329999999999491e-04 1.000000000000000021e-03
0.000000000000000000e+00 8.666670000000000016e-04 -1.000000000000000000e+00
0.000000000000000000e+00 1.000000000000000021e-03 -1.000000000000000000e+00
0.000000000000000000e+00 1.000000000000000021e-03 -1.000000000000000000e+00
