0.000000000000000000e+00 4.291500000000000176e-03 4.736839999999999974e-03
0.000000000000000000e+00 0.000000000000000000e+00 -1.000000000000000000e+00
0.000000000000000000e+00 4.696360000000000118e-03 -1.000000000000000000e+00
0.000000000000000000e+00 4.736839999999999974e-03 -1.000000000000000000e+00
0.000000000000000000e+00 2.753040000000000001e-03 -1.000000000000000000e+00
0.000000000000000000e+00 4.777329999999999771e-03 -1.000000000000000000e+00
0.000000000000000000e+00 4.615379999999999656e-03 -1.000000000000000000e+00
0.000000000000000000e+00 4.777329999999999771e-03 -1.000000000000000000e+00
0.000000000000000000e+00 4.251010000000000379e-03 -1.000000000000000000e+00
0.000000000000000000e+00 4.736839999999999974e-03 -1.000000000000000000e+00
0.000000000000000000e+00 4.777329999999999771e-03 -1.000000000000000000e+00
0.000000000000000000e+00 4.777329999999999771e-03 -1.000000000000000000e+00
