0.000000000000000000e+00 3.200000000000000153e-03 -1.000000000000000000e+00
0.000000000000000000e+00 0.000000000000000000e+00 -1.000000000000000000e+00
0.000000000000000000e+00 3.266670000000000164e-03 -1.000000000000000000e+00
0.000000000000000000e+00 3.200000000000000153e-03 -1.000000000000000000e+00
0.000000000000000000e+00 3.266670000000000164e-03 -1.000000000000000000e+00
0.000000000000000000e+00 1.866669999999999961e-03 -1.000000000000000000e+00
0.000000000000000000e+00 2.533329999999999870e-03 -1.000000000000000000e+00
0.000000000000000000e+00 3.000000000000000062e-03 -1.000000000000000000e+00
0.000000000000000000e+00 3.200000000000000153e-03 -1.000000000000000000e+00
0.000000000000000000e+00 3.266670000000000164e-03 -1.000000000000000000e+00
0.000000000000000000e+00 3.266670000000000164e-03 -1.000000000000000000e+00
