0.000000000000000000e+00 0.000000000000000000e+00 -1.000000000000000000e+00
0.000000000000000000e+00 3.225810000000000071e-04 -1.000000000000000000e+00
0.000000000000000000e+00 8.602150000000000031e-04 -1.000000000000000000e+00
0.000000000000000000e+00 8.602150000000000031e-04 -1.000000000000000000e+00
0.000000000000000000e+00 7.526879999999999465e-04 -1.000000000000000000e+00
0.000000000000000000e+00 8.602150000000000031e-04 -1.000000000000000000e+00
0.000000000000000000e+00 6.093189999999999848e-04 -1.000000000000000000e+00
0.000000000000000000e+00 8.243729999999999895e-04 -1.000000000000000000e+00
0.000000000000000000e+00 6.451609999999999984e-04 -1.000000000000000000e+00
0.000000000000000000e+00 8.602150000000000031e-04 -1.000000000000000000e+00
0.000000000000000000e+00 8.602150000000000031e-04 -1.000000000000000000e+00
