0.000000000000000000e+00 4.222219999999999619e-03 4.777779999999999701e-03
0.000000000000000000e+00 0.000000000000000000e+00 -1.000000000000000000e+00
0.000000000000000000e+00 3.888889999999999882e-03 -1.000000000000000000e+00
0.000000000000000000e+00 5.000000000000000104e-03 -1.000000000000000000e+00
0.000000000000000000e+00 5.000000000000000104e-03 -1.000000000000000000e+00
0.000000000000000000e+00 4.222219999999999619e-03 -1.000000000000000000e+00
0.000000000000000000e+00 4.666670000000000366e-03 -1.000000000000000000e+00
0.000000000000000000e+00 5.000000000000000104e-03 -1.000000000000000000e+00
0.000000000000000000e+00 4.666670000000000366e-03 -1.000000000000000000e+00
0.000000000000000000e+00 4.777779999999999701e-03 -1.000000000000000000e+00
0.000000000000000000e+00 4.777779999999999701e-03 -1.000000000000000000e+00
