0.000000000000000000e+00 4.048579999999999784e-05 2.429149999999999875e-04
0.000000000000000000e+00 0.000000000000000000e+00 -1.000000000000000000e+00
0.000000000000000000e+00 9.716599999999999500e-04 -1.000000000000000000e+00
0.000000000000000000e+00 7.287450000000000438e-04 -1.000000000000000000e+00
0.000000000000000000e+00 8.906880000000000483e-04 -1.000000000000000000e+00
0.000000000000000000e+00 8.906880000000000483e-04 -1.000000000000000000e+00
0.000000000000000000e+00 6.882589999999999845e-04 -1.000000000000000000e+00
0.000000000000000000e+00 8.502019999999999890e-04 -1.000000000000000000e+00
0.000000000000000000e+00 9.311739999999999991e-04 -1.000000000000000000e+00
0.000000000000000000e+00 9.716599999999999500e-04 -1.000000000000000000e+00
0.000000000000000000e+00 9.716599999999999500e-04 -1.000000000000000000e+00
0.000000000000000000e+00 9.311739999999999991e-04 -1.000000000000000000e+00
0.000000000000000000e+00 9.716599999999999500e-04 -1.000000000000000000e+00
