0.000000000000000000e+00 5.017920000000000366e-04 6.093189999999999848e-04
0.000000000000000000e+00 7.526879999999999465e-04 8.243729999999999895e-04
0.000000000000000000e+00 8.960570000000000167e-04 -1.000000000000000000e+00
0.000000000000000000e+00 0.000000000000000000e+00 -1.000000000000000000e+00
0.000000000000000000e+00 8.960570000000000167e-04 -1.000000000000000000e+00
0.000000000000000000e+00 4.659500000000000230e-04 -1.000000000000000000e+00
0.000000000000000000e+00 3.942649999999999801e-04 -1.000000000000000000e+00
0.000000000000000000e+00 8.960570000000000167e-04 -1.000000000000000000e+00
0.000000000000000000e+00 7.526879999999999465e-04 -1.000000000000000000e+00
0.000000000000000000e+00 6.451609999999999984e-04 -1.000000000000000000e+00
0.000000000000000000e+00 8.243729999999999895e-04 -1.000000000000000000e+00
0.000000000000000000e+00 7.526879999999999465e-04 -1.000000000000000000e+00
0.000000000000000000e+00 8.243729999999999895e-04 -1.000000000000000000e+00
