0.000000000000000000e+00 9.611449999999999464e-04 1.063389999999999995e-03
0.000000000000000000e+00 8.793460000000000339e-04 1.104289999999999959e-03
0.000000000000000000e+00 0.000000000000000000e+00 -1.000000000000000000e+00
0.000000000000000000e+00 1.022490000000000031e-03 -1.000000000000000000e+00
0.000000000000000000e+00 1.063389999999999995e-03 -1.000000000000000000e+00
0.000000000000000000e+00 6.339470000000000478e-04 -1.000000000000000000e+00
0.000000000000000000e+00 9.406949999999999644e-04 -1.000000000000000000e+00
0.000000000000000000e+00 1.104289999999999959e-03 -1.000000000000000000e+00
0.000000000000000000e+00 1.124739999999999941e-03 -1.000000000000000000e+00
0.000000000000000000e+00 1.063389999999999995e-03 -1.000000000000000000e+00
