0.000000000000000000e+00 5.333329999999999842e-04 5.999999999999999474e-04
0.000000000000000000e+00 2.666670000000000000e-04 7.333329999999999666e-04
0.000000000000000000e+00 0.000000000000000000e+00 -1.000000000000000000e+00
0.000000000000000000e+00 3.133330000000000143e-03 -1.000000000000000000e+00
0.000000000000000000e+00 3.133330000000000143e-03 -1.000000000000000000e+00
0.000000000000000000e+00 2.133330000000000122e-03 -1.000000000000000000e+00
0.000000000000000000e+00 3.000000000000000062e-03 -1.000000000000000000e+00
0.000000000000000000e+00 3.066670000000000073e-03 -1.000000000000000000e+00
0.000000000000000000e+00 8.000000000000000383e-04 -1.000000000000000000e+00
0.000000000000000000e+00 1.133330000000000101e-03 -1.000000000000000000e+00
0.000000000000000000e+00 2.666669999999999891e-03 2.866669999999999982e-03
0.000000000000000000e+00 2.599999999999999881e-03 2.866669999999999982e-03
0.000000000000000000e+00 2.399999999999999790e-03 -1.000000000000000000e+00
0.000000000000000000e+00 3.066670000000000073e-03 3.133330000000000143e-03
0.000000000000000000e+00 2.866669999999999982e-03 3.133330000000000143e-03
0.000000000000000000e+00 2.866669999999999982e-03 3.133330000000000143e-03
0.000000000000000000e+00 2.866669999999999982e-03 -1.000000000000000000e+00
0.000000000000000000e+00 3.133330000000000143e-03 -1.000000000000000000e+00
0.000000000000000000e+00 3.133330000000000143e-03 -1.000000000000000000e+00
0.000000000000000000e+00 3.133330000000000143e-03 -1.000000000000000000e+00
0.000000000000000000e+00 3.133330000000000143e-03 -1.000000000000000000e+00
0.000000000000000000e+00 3.133330000000000143e-03 -1.000000000000000000e+00
0.000000000000000000e+00 3.133330000000000143e-03 -1.000000000000000000e+00
