0.000000000000000000e+00 4.672899999999999797e-04 5.607480000000000190e-04
0.000000000000000000e+00 4.672899999999999797e-04 5.607480000000000190e-04
0.000000000000000000e+00 0.000000000000000000e+00 -1.000000000000000000e+00
0.000000000000000000e+00 1.401869999999999939e-03 -1.000000000000000000e+00
0.000000000000000000e+00 1.308410000000000085e-03 -1.000000000000000000e+00
0.000000000000000000e+00 6.542059999999999499e-04 8.411210000000000128e-04
0.000000000000000000e+00 5.607480000000000190e-04 -1.000000000000000000e+00
0.000000000000000000e+00 9.345790000000000521e-04 1.028040000000000030e-03
0.000000000000000000e+00 9.345790000000000521e-04 1.121500000000000101e-03
0.000000000000000000e+00 9.345790000000000521e-04 -1.000000000000000000e+00
0.000000000000000000e+00 1.121500000000000101e-03 -1.000000000000000000e+00
0.000000000000000000e+00 1.308410000000000085e-03 1.401869999999999939e-03
0.000000000000000000e+00 1.214950000000000014e-03 -1.000000000000000000e+00
0.000000000000000000e+00 1.308410000000000085e-03 -1.000000000000000000e+00
0.000000000000000000e+00 1.401869999999999939e-03 -1.000000000000000000e+00
0.000000000000000000e+00 1.401869999999999939e-03 -1.000000000000000000e+00
0.000000000000000000e+00 1.401869999999999939e-03 -1.000000000000000000e+00
0.000000000000000000e+00 1.401869999999999939e-03 -1.000000000000000000e+00
