0.000000000000000000e+00 3.684210000000000154e-04 8.947370000000000496e-04
0.000000000000000000e+00 1.105260000000000053e-03 1.210530000000000026e-03
0.000000000000000000e+00 0.000000000000000000e+00 -1.000000000000000000e+00
0.000000000000000000e+00 1.578949999999999917e-04 -1.000000000000000000e+00
0.000000000000000000e+00 1.052629999999999929e-03 -1.000000000000000000e+00
0.000000000000000000e+00 1.473679999999999999e-03 -1.000000000000000000e+00
0.000000000000000000e+00 1.052629999999999929e-03 1.105260000000000053e-03
0.000000000000000000e+00 1.000000000000000021e-03 1.105260000000000053e-03
0.000000000000000000e+00 7.368420000000000308e-04 -1.000000000000000000e+00
0.000000000000000000e+00 1.105260000000000053e-03 1.315790000000000059e-03
0.000000000000000000e+00 1.105260000000000053e-03 1.315790000000000059e-03
0.000000000000000000e+00 1.210530000000000026e-03 1.315790000000000059e-03
0.000000000000000000e+00 1.105260000000000053e-03 -1.000000000000000000e+00
0.000000000000000000e+00 1.315790000000000059e-03 1.421050000000000091e-03
0.000000000000000000e+00 1.315790000000000059e-03 1.421050000000000091e-03
0.000000000000000000e+00 1.315790000000000059e-03 1.421050000000000091e-03
0.000000000000000000e+00 1.315790000000000059e-03 -1.000000000000000000e+00
0.000000000000000000e+00 1.421050000000000091e-03 -1.000000000000000000e+00
0.000000000000000000e+00 1.421050000000000091e-03 -1.000000000000000000e+00
0.000000000000000000e+00 1.421050000000000091e-03 -1.000000000000000000e+00
0.000000000000000000e+00 1.421050000000000091e-03 -1.000000000000000000e+00
0.000000000000000000e+00 1.473679999999999999e-03 -1.000000000000000000e+00
0.000000000000000000e+00 1.421050000000000091e-03 -1.000000000000000000e+00
0.000000000000000000e+00 1.473679999999999999e-03 -1.000000000000000000e+00
