0.000000000000000000e+00 6.093189999999999848e-04 6.451609999999999984e-04
0.000000000000000000e+00 1.433689999999999889e-04 -1.000000000000000000e+00
0.000000000000000000e+00 0.000000000000000000e+00 -1.000000000000000000e+00
0.000000000000000000e+00 5.734769999999999712e-04 -1.000000000000000000e+00
0.000000000000000000e+00 6.810040000000000277e-04 -1.000000000000000000e+00
0.000000000000000000e+00 6.451609999999999984e-04 -1.000000000000000000e+00
0.000000000000000000e+00 7.168460000000000413e-04 -1.000000000000000000e+00
0.000000000000000000e+00 7.168460000000000413e-04 -1.000000000000000000e+00
0.000000000000000000e+00 7.168460000000000413e-04 -1.000000000000000000e+00
0.000000000000000000e+00 7.168460000000000413e-04 -1.000000000000000000e+00
