0.000000000000000000e+00 0.000000000000000000e+00 -1.000000000000000000e+00
0.000000000000000000e+00 1.626019999999999939e-03 -1.000000000000000000e+00
0.000000000000000000e+00 1.707320000000000018e-03 -1.000000000000000000e+00
0.000000000000000000e+00 6.504069999999999817e-04 -1.000000000000000000e+00
0.000000000000000000e+00 1.300809999999999900e-03 1.382109999999999979e-03
0.000000000000000000e+00 1.138209999999999960e-03 -1.000000000000000000e+00
0.000000000000000000e+00 1.382109999999999979e-03 -1.000000000000000000e+00
0.000000000000000000e+00 1.544720000000000077e-03 -1.000000000000000000e+00
0.000000000000000000e+00 1.626019999999999939e-03 -1.000000000000000000e+00
0.000000000000000000e+00 1.707320000000000018e-03 -1.000000000000000000e+00
0.000000000000000000e+00 1.707320000000000018e-03 -1.000000000000000000e+00
0.000000000000000000e+00 1.707320000000000018e-03 -1.000000000000000000e+00
