0.000000000000000000e+00 1.039430000000000041e-03 1.111110000000000006e-03
0.000000000000000000e+00 0.000000000000000000e+00 -1.000000000000000000e+00
0.000000000000000000e+00 1.111110000000000006e-03 -1.000000000000000000e+00
0.000000000000000000e+00 1.146950000000000096e-03 -1.000000000000000000e+00
0.000000000000000000e+00 1.182799999999999910e-03 -1.000000000000000000e+00
0.000000000000000000e+00 1.218640000000000001e-03 -1.000000000000000000e+00
0.000000000000000000e+00 1.182799999999999910e-03 -1.000000000000000000e+00
0.000000000000000000e+00 6.451609999999999984e-04 -1.000000000000000000e+00
0.000000000000000000e+00 1.218640000000000001e-03 -1.000000000000000000e+00
0.000000000000000000e+00 1.039430000000000041e-03 -1.000000000000000000e+00
