0.000000000000000000e+00 0.000000000000000000e+00 -1.000000000000000000e+00
0.000000000000000000e+00 2.147200000000000150e-03 -1.000000000000000000e+00
0.000000000000000000e+00 3.220799999999999792e-03 -1.000000000000000000e+00
0.000000000000000000e+00 3.459380000000000181e-03 -1.000000000000000000e+00
0.000000000000000000e+00 3.459380000000000181e-03 -1.000000000000000000e+00
0.000000000000000000e+00 3.340089999999999986e-03 -1.000000000000000000e+00
0.000000000000000000e+00 1.670049999999999963e-03 2.027909999999999956e-03
0.000000000000000000e+00 1.073600000000000075e-03 -1.000000000000000000e+00
0.000000000000000000e+00 1.908619999999999978e-03 -1.000000000000000000e+00
0.000000000000000000e+00 2.266489999999999911e-03 -1.000000000000000000e+00
0.000000000000000000e+00 2.743649999999999822e-03 -1.000000000000000000e+00
0.000000000000000000e+00 3.101510000000000031e-03 -1.000000000000000000e+00
0.000000000000000000e+00 3.340089999999999986e-03 -1.000000000000000000e+00
0.000000000000000000e+00 3.459380000000000181e-03 -1.000000000000000000e+00
