0.000000000000000000e+00 3.125000000000000065e-04 4.687499999999999827e-04
0.000000000000000000e+00 9.374999999999999653e-04 1.250000000000000026e-03
0.000000000000000000e+00 0.000000000000000000e+00 -1.000000000000000000e+00
0.000000000000000000e+00 3.281249999999999879e-03 -1.000000000000000000e+00
0.000000000000000000e+00 2.968750000000000035e-03 -1.000000000000000000e+00
0.000000000000000000e+00 3.125000000000000173e-03 -1.000000000000000000e+00
0.000000000000000000e+00 1.562500000000000087e-03 1.874999999999999931e-03
0.000000000000000000e+00 1.562500000000000087e-03 2.031250000000000069e-03
0.000000000000000000e+00 7.812500000000000434e-04 -1.000000000000000000e+00
0.000000000000000000e+00 2.187500000000000208e-03 2.812499999999999896e-03
0.000000000000000000e+00 2.187500000000000208e-03 -1.000000000000000000e+00
0.000000000000000000e+00 2.656250000000000191e-03 -1.000000000000000000e+00
0.000000000000000000e+00 3.125000000000000173e-03 -1.000000000000000000e+00
0.000000000000000000e+00 3.281249999999999879e-03 -1.000000000000000000e+00
