0.000000000000000000e+00 0.000000000000000000e+00 -1.000000000000000000e+00
0.000000000000000000e+00 4.417810000000000313e-03 -1.000000000000000000e+00
0.000000000000000000e+00 4.520549999999999916e-03 -1.000000000000000000e+00
0.000000000000000000e+00 4.589039999999999959e-03 -1.000000000000000000e+00
0.000000000000000000e+00 4.554790000000000401e-03 -1.000000000000000000e+00
0.000000000000000000e+00 4.589039999999999959e-03 -1.000000000000000000e+00
0.000000000000000000e+00 2.910960000000000197e-03 -1.000000000000000000e+00
0.000000000000000000e+00 3.972599999999999743e-03 -1.000000000000000000e+00
0.000000000000000000e+00 4.589039999999999959e-03 -1.000000000000000000e+00
0.000000000000000000e+00 4.143840000000000197e-03 -1.000000000000000000e+00
0.000000000000000000e+00 4.554790000000000401e-03 -1.000000000000000000e+00
