0.000000000000000000e+00 0.000000000000000000e+00 -1.000000000000000000e+00
0.000000000000000000e+00 5.960260000000000427e-04 -1.000000000000000000e+00
0.000000000000000000e+00 5.298009999999999916e-04 -1.000000000000000000e+00
0.000000000000000000e+00 1.125829999999999973e-03 -1.000000000000000000e+00
0.000000000000000000e+00 1.125829999999999973e-03 -1.000000000000000000e+00
0.000000000000000000e+00 1.125829999999999973e-03 -1.000000000000000000e+00
0.000000000000000000e+00 7.947019999999999952e-04 -1.000000000000000000e+00
0.000000000000000000e+00 7.947019999999999952e-04 -1.000000000000000000e+00
0.000000000000000000e+00 9.271519999999999892e-04 -1.000000000000000000e+00
0.000000000000000000e+00 1.059599999999999952e-03 -1.000000000000000000e+00
0.000000000000000000e+00 9.933769999999999319e-04 -1.000000000000000000e+00
