0.000000000000000000e+00 3.767120000000000212e-04 4.109590000000000205e-04
0.000000000000000000e+00 3.424659999999999835e-04 4.452050000000000039e-04
0.000000000000000000e+00 0.000000000000000000e+00 -1.000000000000000000e+00
0.000000000000000000e+00 6.506850000000000220e-04 -1.000000000000000000e+00
0.000000000000000000e+00 5.479449999999999859e-04 6.164379999999999686e-04
0.000000000000000000e+00 4.794520000000000032e-04 -1.000000000000000000e+00
0.000000000000000000e+00 6.164379999999999686e-04 -1.000000000000000000e+00
0.000000000000000000e+00 7.534249999999999498e-04 7.876709999999999875e-04
0.000000000000000000e+00 7.534249999999999498e-04 -1.000000000000000000e+00
0.000000000000000000e+00 7.876709999999999875e-04 8.219180000000000409e-04
0.000000000000000000e+00 7.876709999999999875e-04 -1.000000000000000000e+00
0.000000000000000000e+00 8.219180000000000409e-04 -1.000000000000000000e+00
0.000000000000000000e+00 8.219180000000000409e-04 -1.000000000000000000e+00
