0.000000000000000000e+00 5.364240000000000154e-03 5.430459999999999801e-03
0.000000000000000000e+00 5.430459999999999801e-03 5.496690000000000256e-03
0.000000000000000000e+00 2.781459999999999922e-03 -1.000000000000000000e+00
0.000000000000000000e+00 7.947019999999999952e-04 -1.000000000000000000e+00
0.000000000000000000e+00 4.966889999999999847e-03 -1.000000000000000000e+00
0.000000000000000000e+00 0.000000000000000000e+00 -1.000000000000000000e+00
0.000000000000000000e+00 5.562909999999999903e-03 -1.000000000000000000e+00
0.000000000000000000e+00 5.231790000000000052e-03 -1.000000000000000000e+00
0.000000000000000000e+00 5.496690000000000256e-03 -1.000000000000000000e+00
0.000000000000000000e+00 5.496690000000000256e-03 -1.000000000000000000e+00
0.000000000000000000e+00 5.430459999999999801e-03 -1.000000000000000000e+00
0.000000000000000000e+00 5.562909999999999903e-03 -1.000000000000000000e+00
