0.000000000000000000e+00 0.000000000000000000e+00 -1.000000000000000000e+00
0.000000000000000000e+00 1.533330000000000066e-03 -1.000000000000000000e+00
0.000000000000000000e+00 1.066670000000000031e-03 -1.000000000000000000e+00
0.000000000000000000e+00 1.533330000000000066e-03 -1.000000000000000000e+00
0.000000000000000000e+00 1.000000000000000021e-03 -1.000000000000000000e+00
0.000000000000000000e+00 1.533330000000000066e-03 -1.000000000000000000e+00
0.000000000000000000e+00 1.199999999999999895e-03 1.333329999999999975e-03
0.000000000000000000e+00 1.133330000000000101e-03 -1.000000000000000000e+00
0.000000000000000000e+00 1.399999999999999986e-03 -1.000000000000000000e+00
0.000000000000000000e+00 1.466669999999999996e-03 -1.000000000000000000e+00
0.000000000000000000e+00 1.533330000000000066e-03 -1.000000000000000000e+00
