0.000000000000000000e+00 1.250000000000000026e-03 1.562500000000000087e-03
0.000000000000000000e+00 0.000000000000000000e+00 -1.000000000000000000e+00
0.000000000000000000e+00 4.687499999999999827e-04 -1.000000000000000000e+00
0.000000000000000000e+00 1.874999999999999931e-03 -1.000000000000000000e+00
0.000000000000000000e+00 3.437500000000000017e-03 -1.000000000000000000e+00
0.000000000000000000e+00 1.250000000000000026e-03 -1.000000000000000000e+00
0.000000000000000000e+00 2.187500000000000208e-03 2.500000000000000052e-03
0.000000000000000000e+00 2.187500000000000208e-03 -1.000000000000000000e+00
0.000000000000000000e+00 3.125000000000000173e-03 -1.000000000000000000e+00
0.000000000000000000e+00 3.906250000000000000e-03 -1.000000000000000000e+00
