0.000000000000000000e+00 1.078430000000000014e-03 1.568629999999999894e-03
0.000000000000000000e+00 0.000000000000000000e+00 -1.000000000000000000e+00
0.000000000000000000e+00 4.215690000000000236e-03 -1.000000000000000000e+00
0.000000000000000000e+00 4.705879999999999959e-03 -1.000000000000000000e+00
0.000000000000000000e+00 3.039220000000000029e-03 3.529410000000000186e-03
0.000000000000000000e+00 1.960780000000000021e-04 -1.000000000000000000e+00
0.000000000000000000e+00 3.529410000000000186e-03 -1.000000000000000000e+00
0.000000000000000000e+00 3.823529999999999898e-03 -1.000000000000000000e+00
0.000000000000000000e+00 4.313729999999999995e-03 -1.000000000000000000e+00
0.000000000000000000e+00 4.705879999999999959e-03 -1.000000000000000000e+00
0.000000000000000000e+00 4.803919999999999718e-03 -1.000000000000000000e+00
