0.000000000000000000e+00 0.000000000000000000e+00 -1.000000000000000000e+00
0.000000000000000000e+00 1.659920000000000059e-03 -1.000000000000000000e+00
0.000000000000000000e+00 1.700399999999999915e-03 -1.000000000000000000e+00
0.000000000000000000e+00 9.716599999999999500e-04 -1.000000000000000000e+00
0.000000000000000000e+00 1.214570000000000103e-03 -1.000000000000000000e+00
0.000000000000000000e+00 1.659920000000000059e-03 1.700399999999999915e-03
0.000000000000000000e+00 1.336029999999999987e-03 -1.000000000000000000e+00
0.000000000000000000e+00 1.538459999999999958e-03 -1.000000000000000000e+00
0.000000000000000000e+00 1.700399999999999915e-03 -1.000000000000000000e+00
0.000000000000000000e+00 1.619430000000000045e-03 -1.000000000000000000e+00
0.000000000000000000e+00 1.700399999999999915e-03 -1.000000000000000000e+00
0.000000000000000000e+00 1.700399999999999915e-03 -1.000000000000000000e+00
0.000000000000000000e+00 1.700399999999999915e-03 -1.000000000000000000e+00
