0.000000000000000000e+00 7.885299999999999601e-04 8.243729999999999895e-04
0.000000000000000000e+00 0.000000000000000000e+00 -1.000000000000000000e+00
0.000000000000000000e+00 5.017920000000000366e-04 -1.000000000000000000e+00
0.000000000000000000e+00 6.810040000000000277e-04 -1.000000000000000000e+00
0.000000000000000000e+00 9.319000000000000460e-04 -1.000000000000000000e+00
0.000000000000000000e+00 1.039430000000000041e-03 -1.000000000000000000e+00
0.000000000000000000e+00 5.734769999999999712e-04 -1.000000000000000000e+00
0.000000000000000000e+00 1.003580000000000010e-03 -1.000000000000000000e+00
0.000000000000000000e+00 8.960570000000000167e-04 -1.000000000000000000e+00
0.000000000000000000e+00 8.960570000000000167e-04 -1.000000000000000000e+00
