0.000000000000000000e+00 4.966889999999999847e-03 5.033110000000000361e-03
0.000000000000000000e+00 0.000000000000000000e+00 -1.000000000000000000e+00
0.000000000000000000e+00 5.960260000000000427e-04 -1.000000000000000000e+00
0.000000000000000000e+00 1.192050000000000054e-03 -1.000000000000000000e+00
0.000000000000000000e+00 4.370859999999999849e-03 -1.000000000000000000e+00
0.000000000000000000e+00 4.701989999999999642e-03 -1.000000000000000000e+00
0.000000000000000000e+00 4.768210000000000157e-03 -1.000000000000000000e+00
0.000000000000000000e+00 4.966889999999999847e-03 -1.000000000000000000e+00
0.000000000000000000e+00 4.768210000000000157e-03 -1.000000000000000000e+00
0.000000000000000000e+00 4.966889999999999847e-03 -1.000000000000000000e+00
0.000000000000000000e+00 4.635760000000000054e-03 -1.000000000000000000e+00
0.000000000000000000e+00 4.834439999999999744e-03 -1.000000000000000000e+00
0.000000000000000000e+00 5.033110000000000361e-03 -1.000000000000000000e+00
