0.000000000000000000e+00 1.473679999999999999e-03 1.684210000000000004e-03
0.000000000000000000e+00 0.000000000000000000e+00 -1.000000000000000000e+00
0.000000000000000000e+00 3.368420000000000008e-03 -1.000000000000000000e+00
0.000000000000000000e+00 1.263159999999999934e-03 -1.000000000000000000e+00
0.000000000000000000e+00 3.473679999999999823e-03 -1.000000000000000000e+00
0.000000000000000000e+00 3.526319999999999889e-03 -1.000000000000000000e+00
0.000000000000000000e+00 2.526319999999999868e-03 -1.000000000000000000e+00
0.000000000000000000e+00 3.526319999999999889e-03 -1.000000000000000000e+00
0.000000000000000000e+00 3.473679999999999823e-03 -1.000000000000000000e+00
0.000000000000000000e+00 3.157890000000000003e-03 -1.000000000000000000e+00
0.000000000000000000e+00 3.421050000000000132e-03 -1.000000000000000000e+00
0.000000000000000000e+00 3.368420000000000008e-03 -1.000000000000000000e+00
0.000000000000000000e+00 3.315789999999999883e-03 -1.000000000000000000e+00
0.000000000000000000e+00 3.473679999999999823e-03 -1.000000000000000000e+00
