0.000000000000000000e+00 1.052629999999999983e-04 1.789470000000000036e-03
0.000000000000000000e+00 3.578950000000000013e-03 -1.000000000000000000e+00
0.000000000000000000e+00 0.000000000000000000e+00 -1.000000000000000000e+00
0.000000000000000000e+00 3.578950000000000013e-03 -1.000000000000000000e+00
0.000000000000000000e+00 1.473679999999999999e-03 -1.000000000000000000e+00
0.000000000000000000e+00 3.684209999999999829e-03 -1.000000000000000000e+00
0.000000000000000000e+00 3.684209999999999829e-03 -1.000000000000000000e+00
0.000000000000000000e+00 3.684209999999999829e-03 -1.000000000000000000e+00
0.000000000000000000e+00 3.210530000000000068e-03 3.421050000000000132e-03
0.000000000000000000e+00 2.368419999999999987e-03 -1.000000000000000000e+00
0.000000000000000000e+00 3.631580000000000138e-03 -1.000000000000000000e+00
0.000000000000000000e+00 3.263160000000000192e-03 -1.000000000000000000e+00
0.000000000000000000e+00 3.473679999999999823e-03 -1.000000000000000000e+00
0.000000000000000000e+00 3.684209999999999829e-03 -1.000000000000000000e+00
0.000000000000000000e+00 3.421050000000000132e-03 -1.000000000000000000e+00
0.000000000000000000e+00 3.631580000000000138e-03 -1.000000000000000000e+00
0.000000000000000000e+00 3.421050000000000132e-03 -1.000000000000000000e+00
