0.000000000000000000e+00 0.000000000000000000e+00 -1.000000000000000000e+00
0.000000000000000000e+00 1.788620000000000097e-03 -1.000000000000000000e+00
0.000000000000000000e+00 1.300809999999999900e-03 -1.000000000000000000e+00
0.000000000000000000e+00 2.032519999999999900e-03 -1.000000000000000000e+00
0.000000000000000000e+00 2.032519999999999900e-03 -1.000000000000000000e+00
0.000000000000000000e+00 2.032519999999999900e-03 -1.000000000000000000e+00
0.000000000000000000e+00 1.138209999999999960e-03 -1.000000000000000000e+00
0.000000000000000000e+00 1.707320000000000018e-03 -1.000000000000000000e+00
0.000000000000000000e+00 1.869919999999999959e-03 -1.000000000000000000e+00
0.000000000000000000e+00 1.869919999999999959e-03 -1.000000000000000000e+00
0.000000000000000000e+00 1.951220000000000038e-03 -1.000000000000000000e+00
0.000000000000000000e+00 2.032519999999999900e-03 -1.000000000000000000e+00
0.000000000000000000e+00 1.951220000000000038e-03 -1.000000000000000000e+00
0.000000000000000000e+00 2.032519999999999900e-03 -1.000000000000000000e+00
