0.000000000000000000e+00 3.526319999999999889e-03 3.631580000000000138e-03
0.000000000000000000e+00 0.000000000000000000e+00 -1.000000000000000000e+00
0.000000000000000000e+00 4.210529999999999655e-03 -1.000000000000000000e+00
0.000000000000000000e+00 4.210529999999999655e-03 -1.000000000000000000e+00
0.000000000000000000e+00 3.842110000000000143e-03 3.947370000000000392e-03
0.000000000000000000e+00 3.894739999999999834e-03 4.000000000000000083e-03
0.000000000000000000e+00 3.789470000000000078e-03 4.105260000000000332e-03
0.000000000000000000e+00 3.894739999999999834e-03 4.105260000000000332e-03
0.000000000000000000e+00 3.684209999999999829e-03 -1.000000000000000000e+00
0.000000000000000000e+00 4.157890000000000023e-03 -1.000000000000000000e+00
0.000000000000000000e+00 4.105260000000000332e-03 -1.000000000000000000e+00
0.000000000000000000e+00 4.000000000000000083e-03 -1.000000000000000000e+00
0.000000000000000000e+00 4.105260000000000332e-03 -1.000000000000000000e+00
0.000000000000000000e+00 4.210529999999999655e-03 -1.000000000000000000e+00
0.000000000000000000e+00 4.210529999999999655e-03 -1.000000000000000000e+00
0.000000000000000000e+00 4.105260000000000332e-03 -1.000000000000000000e+00
0.000000000000000000e+00 4.210529999999999655e-03 -1.000000000000000000e+00
0.000000000000000000e+00 4.157890000000000023e-03 -1.000000000000000000e+00
