0.000000000000000000e+00 0.000000000000000000e+00 -1.000000000000000000e+00
0.000000000000000000e+00 1.274509999999999966e-03 -1.000000000000000000e+00
0.000000000000000000e+00 4.901960000000000345e-04 -1.000000000000000000e+00
0.000000000000000000e+00 8.823530000000000002e-04 -1.000000000000000000e+00
0.000000000000000000e+00 1.372549999999999942e-03 -1.000000000000000000e+00
0.000000000000000000e+00 1.470589999999999918e-03 1.666670000000000087e-03
0.000000000000000000e+00 1.372549999999999942e-03 1.666670000000000087e-03
0.000000000000000000e+00 1.372549999999999942e-03 -1.000000000000000000e+00
0.000000000000000000e+00 1.666670000000000087e-03 -1.000000000000000000e+00
0.000000000000000000e+00 1.666670000000000087e-03 -1.000000000000000000e+00
0.000000000000000000e+00 1.666670000000000087e-03 -1.000000000000000000e+00
0.000000000000000000e+00 1.666670000000000087e-03 -1.000000000000000000e+00
