0.000000000000000000e+00 2.000000000000000096e-04 2.666670000000000000e-04
0.000000000000000000e+00 0.000000000000000000e+00 -1.000000000000000000e+00
0.000000000000000000e+00 1.000000000000000021e-03 -1.000000000000000000e+00
0.000000000000000000e+00 1.000000000000000021e-03 -1.000000000000000000e+00
0.000000000000000000e+00 5.999999999999999474e-04 7.333329999999999666e-04
0.000000000000000000e+00 5.999999999999999474e-04 -1.000000000000000000e+00
0.000000000000000000e+00 5.999999999999999474e-04 -1.000000000000000000e+00
0.000000000000000000e+00 6.666670000000000191e-04 -1.000000000000000000e+00
0.000000000000000000e+00 8.666670000000000016e-04 -1.000000000000000000e+00
0.000000000000000000e+00 9.333329999999999491e-04 -1.000000000000000000e+00
0.000000000000000000e+00 9.333329999999999491e-04 -1.000000000000000000e+00
