0.000000000000000000e+00 0.000000000000000000e+00 -1.000000000000000000e+00
0.000000000000000000e+00 3.444440000000000002e-03 -1.000000000000000000e+00
0.000000000000000000e+00 3.222220000000000032e-03 3.333329999999999800e-03
0.000000000000000000e+00 1.888890000000000057e-03 -1.000000000000000000e+00
0.000000000000000000e+00 3.555560000000000144e-03 -1.000000000000000000e+00
0.000000000000000000e+00 3.444440000000000002e-03 3.555560000000000144e-03
0.000000000000000000e+00 3.444440000000000002e-03 3.555560000000000144e-03
0.000000000000000000e+00 3.444440000000000002e-03 -1.000000000000000000e+00
0.000000000000000000e+00 3.555560000000000144e-03 -1.000000000000000000e+00
0.000000000000000000e+00 3.555560000000000144e-03 -1.000000000000000000e+00
0.000000000000000000e+00 3.555560000000000144e-03 -1.000000000000000000e+00
0.000000000000000000e+00 3.555560000000000144e-03 -1.000000000000000000e+00
