0.000000000000000000e+00 0.000000000000000000e+00 -1.000000000000000000e+00
0.000000000000000000e+00 3.866670000000000003e-03 -1.000000000000000000e+00
0.000000000000000000e+00 3.866670000000000003e-03 -1.000000000000000000e+00
0.000000000000000000e+00 2.933330000000000052e-03 -1.000000000000000000e+00
0.000000000000000000e+00 3.399999999999999811e-03 3.599999999999999901e-03
0.000000000000000000e+00 3.200000000000000153e-03 -1.000000000000000000e+00
0.000000000000000000e+00 3.599999999999999901e-03 3.866670000000000003e-03
0.000000000000000000e+00 3.599999999999999901e-03 -1.000000000000000000e+00
0.000000000000000000e+00 3.866670000000000003e-03 3.933329999999999639e-03
0.000000000000000000e+00 3.866670000000000003e-03 3.933329999999999639e-03
0.000000000000000000e+00 3.866670000000000003e-03 -1.000000000000000000e+00
0.000000000000000000e+00 3.933329999999999639e-03 -1.000000000000000000e+00
0.000000000000000000e+00 3.933329999999999639e-03 -1.000000000000000000e+00
0.000000000000000000e+00 3.933329999999999639e-03 -1.000000000000000000e+00
0.000000000000000000e+00 3.933329999999999639e-03 -1.000000000000000000e+00
0.000000000000000000e+00 3.933329999999999639e-03 -1.000000000000000000e+00
