0.000000000000000000e+00 0.000000000000000000e+00 -1.000000000000000000e+00
0.000000000000000000e+00 2.724009999999999800e-03 -1.000000000000000000e+00
0.000000000000000000e+00 2.293910000000000133e-03 -1.000000000000000000e+00
0.000000000000000000e+00 2.724009999999999800e-03 -1.000000000000000000e+00
0.000000000000000000e+00 2.544799999999999840e-03 -1.000000000000000000e+00
0.000000000000000000e+00 1.684589999999999916e-03 -1.000000000000000000e+00
0.000000000000000000e+00 3.010749999999999971e-03 -1.000000000000000000e+00
0.000000000000000000e+00 2.401429999999999971e-03 -1.000000000000000000e+00
0.000000000000000000e+00 2.831540000000000012e-03 -1.000000000000000000e+00
0.000000000000000000e+00 2.974909999999999881e-03 -1.000000000000000000e+00
