0.000000000000000000e+00 4.687499999999999827e-04 1.562500000000000087e-03
0.000000000000000000e+00 1.562500000000000033e-04 1.874999999999999931e-03
0.000000000000000000e+00 0.000000000000000000e+00 -1.000000000000000000e+00
0.000000000000000000e+00 2.031250000000000069e-03 -1.000000000000000000e+00
0.000000000000000000e+00 2.343749999999999913e-03 2.656250000000000191e-03
0.000000000000000000e+00 1.874999999999999931e-03 -1.000000000000000000e+00
0.000000000000000000e+00 2.968750000000000035e-03 3.437500000000000017e-03
0.000000000000000000e+00 2.500000000000000052e-03 -1.000000000000000000e+00
0.000000000000000000e+00 3.593750000000000156e-03 -1.000000000000000000e+00
0.000000000000000000e+00 3.906250000000000000e-03 -1.000000000000000000e+00
