0.000000000000000000e+00 0.000000000000000000e+00 -1.000000000000000000e+00
0.000000000000000000e+00 7.254899999999999891e-03 7.549020000000000036e-03
0.000000000000000000e+00 7.058820000000000372e-03 -1.000000000000000000e+00
0.000000000000000000e+00 7.450980000000000276e-03 7.647059999999999795e-03
0.000000000000000000e+00 7.352939999999999650e-03 -1.000000000000000000e+00
0.000000000000000000e+00 7.647059999999999795e-03 -1.000000000000000000e+00
0.000000000000000000e+00 7.941180000000000808e-03 8.039219999999999700e-03
0.000000000000000000e+00 7.843140000000000181e-03 8.039219999999999700e-03
0.000000000000000000e+00 7.843140000000000181e-03 -1.000000000000000000e+00
0.000000000000000000e+00 8.039219999999999700e-03 -1.000000000000000000e+00
0.000000000000000000e+00 8.039219999999999700e-03 -1.000000000000000000e+00
0.000000000000000000e+00 8.039219999999999700e-03 -1.000000000000000000e+00
