0.000000000000000000e+00 5.479449999999999859e-04 8.219180000000000409e-04
0.000000000000000000e+00 0.000000000000000000e+00 -1.000000000000000000e+00
0.000000000000000000e+00 1.575339999999999943e-03 -1.000000000000000000e+00
0.000000000000000000e+00 1.609589999999999936e-03 -1.000000000000000000e+00
0.000000000000000000e+00 1.678079999999999980e-03 -1.000000000000000000e+00
0.000000000000000000e+00 1.746579999999999964e-03 -1.000000000000000000e+00
0.000000000000000000e+00 1.369860000000000088e-03 -1.000000000000000000e+00
0.000000000000000000e+00 1.404110000000000080e-03 -1.000000000000000000e+00
0.000000000000000000e+00 9.931510000000000598e-04 -1.000000000000000000e+00
0.000000000000000000e+00 1.780820000000000016e-03 -1.000000000000000000e+00
0.000000000000000000e+00 1.061639999999999980e-03 -1.000000000000000000e+00
0.000000000000000000e+00 1.506849999999999900e-03 -1.000000000000000000e+00
