0.000000000000000000e+00 0.000000000000000000e+00 7.368420000000000308e-04
0.000000000000000000e+00 0.000000000000000000e+00 -1.000000000000000000e+00
0.000000000000000000e+00 2.157889999999999982e-03 -1.000000000000000000e+00
0.000000000000000000e+00 2.210530000000000047e-03 -1.000000000000000000e+00
0.000000000000000000e+00 1.105260000000000053e-03 -1.000000000000000000e+00
0.000000000000000000e+00 1.842110000000000102e-03 2.052630000000000166e-03
0.000000000000000000e+00 1.894740000000000009e-03 2.052630000000000166e-03
0.000000000000000000e+00 1.842110000000000102e-03 -1.000000000000000000e+00
0.000000000000000000e+00 2.105259999999999857e-03 2.263160000000000172e-03
0.000000000000000000e+00 2.105259999999999857e-03 2.263160000000000172e-03
0.000000000000000000e+00 2.105259999999999857e-03 -1.000000000000000000e+00
0.000000000000000000e+00 2.263160000000000172e-03 -1.000000000000000000e+00
0.000000000000000000e+00 2.263160000000000172e-03 -1.000000000000000000e+00
0.000000000000000000e+00 2.263160000000000172e-03 -1.000000000000000000e+00
