0.000000000000000000e+00 2.210530000000000047e-03 -1.000000000000000000e+00
0.000000000000000000e+00 4.473679999999999844e-03 -1.000000000000000000e+00
0.000000000000000000e+00 3.526319999999999889e-03 -1.000000000000000000e+00
0.000000000000000000e+00 4.105260000000000332e-03 -1.000000000000000000e+00
0.000000000000000000e+00 4.315789999999999904e-03 -1.000000000000000000e+00
0.000000000000000000e+00 4.263160000000000213e-03 -1.000000000000000000e+00
0.000000000000000000e+00 4.368419999999999595e-03 -1.000000000000000000e+00
0.000000000000000000e+00 0.000000000000000000e+00 -1.000000000000000000e+00
0.000000000000000000e+00 4.473679999999999844e-03 -1.000000000000000000e+00
0.000000000000000000e+00 3.947370000000000392e-03 4.263160000000000213e-03
0.000000000000000000e+00 4.368419999999999595e-03 -1.000000000000000000e+00
0.000000000000000000e+00 3.052630000000000187e-03 -1.000000000000000000e+00
0.000000000000000000e+00 4.263160000000000213e-03 -1.000000000000000000e+00
0.000000000000000000e+00 4.263160000000000213e-03 -1.000000000000000000e+00
0.000000000000000000e+00 4.000000000000000083e-03 -1.000000000000000000e+00
0.000000000000000000e+00 4.263160000000000213e-03 -1.000000000000000000e+00
0.000000000000000000e+00 4.315789999999999904e-03 -1.000000000000000000e+00
