0.000000000000000000e+00 5.789470000000000120e-04 6.842109999999999989e-04
0.000000000000000000e+00 3.684210000000000154e-04 6.842109999999999989e-04
0.000000000000000000e+00 1.105260000000000053e-03 -1.000000000000000000e+00
0.000000000000000000e+00 0.000000000000000000e+00 -1.000000000000000000e+00
0.000000000000000000e+00 1.052629999999999929e-03 -1.000000000000000000e+00
0.000000000000000000e+00 8.421050000000000020e-04 -1.000000000000000000e+00
0.000000000000000000e+00 1.105260000000000053e-03 -1.000000000000000000e+00
0.000000000000000000e+00 9.473679999999999731e-04 1.052629999999999929e-03
0.000000000000000000e+00 8.947370000000000496e-04 1.052629999999999929e-03
0.000000000000000000e+00 7.894739999999999700e-04 -1.000000000000000000e+00
0.000000000000000000e+00 1.052629999999999929e-03 -1.000000000000000000e+00
0.000000000000000000e+00 1.052629999999999929e-03 -1.000000000000000000e+00
0.000000000000000000e+00 1.052629999999999929e-03 -1.000000000000000000e+00
