0.000000000000000000e+00 2.649009999999999820e-03 -1.000000000000000000e+00
0.000000000000000000e+00 0.000000000000000000e+00 -1.000000000000000000e+00
0.000000000000000000e+00 9.072850000000000359e-03 -1.000000000000000000e+00
0.000000000000000000e+00 7.880790000000000364e-03 -1.000000000000000000e+00
0.000000000000000000e+00 8.344370000000000259e-03 -1.000000000000000000e+00
0.000000000000000000e+00 6.490069999999999693e-03 -1.000000000000000000e+00
0.000000000000000000e+00 9.139069999999999139e-03 -1.000000000000000000e+00
0.000000000000000000e+00 9.072850000000000359e-03 -1.000000000000000000e+00
0.000000000000000000e+00 9.205299999999999594e-03 -1.000000000000000000e+00
0.000000000000000000e+00 9.139069999999999139e-03 -1.000000000000000000e+00
0.000000000000000000e+00 9.205299999999999594e-03 -1.000000000000000000e+00
