0.000000000000000000e+00 1.336029999999999987e-03 1.457490000000000088e-03
0.000000000000000000e+00 2.186229999999999944e-03 -1.000000000000000000e+00
0.000000000000000000e+00 2.145750000000000088e-03 -1.000000000000000000e+00
0.000000000000000000e+00 0.000000000000000000e+00 -1.000000000000000000e+00
0.000000000000000000e+00 1.659920000000000059e-03 -1.000000000000000000e+00
0.000000000000000000e+00 2.226720000000000175e-03 -1.000000000000000000e+00
0.000000000000000000e+00 2.024290000000000204e-03 2.064780000000000001e-03
0.000000000000000000e+00 1.902830000000000103e-03 -1.000000000000000000e+00
0.000000000000000000e+00 2.267209999999999972e-03 -1.000000000000000000e+00
0.000000000000000000e+00 2.105259999999999857e-03 -1.000000000000000000e+00
0.000000000000000000e+00 2.145750000000000088e-03 -1.000000000000000000e+00
0.000000000000000000e+00 2.186229999999999944e-03 -1.000000000000000000e+00
0.000000000000000000e+00 2.267209999999999972e-03 -1.000000000000000000e+00
0.000000000000000000e+00 2.226720000000000175e-03 -1.000000000000000000e+00
0.000000000000000000e+00 2.267209999999999972e-03 -1.000000000000000000e+00
