0.000000000000000000e+00 0.000000000000000000e+00 -1.000000000000000000e+00
0.000000000000000000e+00 2.450330000000000129e-03 -1.000000000000000000e+00
0.000000000000000000e+00 2.582779999999999798e-03 -1.000000000000000000e+00
0.000000000000000000e+00 2.913910000000000024e-03 -1.000000000000000000e+00
0.000000000000000000e+00 3.973510000000000410e-03 -1.000000000000000000e+00
0.000000000000000000e+00 3.973510000000000410e-03 -1.000000000000000000e+00
0.000000000000000000e+00 3.907279999999999955e-03 -1.000000000000000000e+00
0.000000000000000000e+00 3.708610000000000205e-03 -1.000000000000000000e+00
0.000000000000000000e+00 3.973510000000000410e-03 -1.000000000000000000e+00
0.000000000000000000e+00 3.841059999999999874e-03 -1.000000000000000000e+00
