0.000000000000000000e+00 4.294480000000000259e-04 -1.000000000000000000e+00
0.000000000000000000e+00 1.063389999999999995e-03 -1.000000000000000000e+00
0.000000000000000000e+00 8.793460000000000339e-04 -1.000000000000000000e+00
0.000000000000000000e+00 7.157459999999999604e-04 -1.000000000000000000e+00
0.000000000000000000e+00 1.186090000000000104e-03 -1.000000000000000000e+00
0.000000000000000000e+00 0.000000000000000000e+00 -1.000000000000000000e+00
0.000000000000000000e+00 1.165639999999999905e-03 -1.000000000000000000e+00
0.000000000000000000e+00 1.226990000000000068e-03 -1.000000000000000000e+00
0.000000000000000000e+00 9.815950000000000369e-04 -1.000000000000000000e+00
0.000000000000000000e+00 1.247440000000000051e-03 -1.000000000000000000e+00
0.000000000000000000e+00 1.145189999999999923e-03 -1.000000000000000000e+00
0.000000000000000000e+00 1.288340000000000015e-03 -1.000000000000000000e+00
