0.000000000000000000e+00 1.920529999999999937e-03 2.185429999999999925e-03
0.000000000000000000e+00 0.000000000000000000e+00 -1.000000000000000000e+00
0.000000000000000000e+00 6.622520000000000013e-04 -1.000000000000000000e+00
0.000000000000000000e+00 9.933769999999999319e-04 -1.000000000000000000e+00
0.000000000000000000e+00 2.185429999999999925e-03 -1.000000000000000000e+00
0.000000000000000000e+00 1.920529999999999937e-03 -1.000000000000000000e+00
0.000000000000000000e+00 2.317880000000000027e-03 -1.000000000000000000e+00
0.000000000000000000e+00 2.251659999999999946e-03 -1.000000000000000000e+00
0.000000000000000000e+00 2.119209999999999844e-03 -1.000000000000000000e+00
0.000000000000000000e+00 2.317880000000000027e-03 -1.000000000000000000e+00
0.000000000000000000e+00 2.317880000000000027e-03 -1.000000000000000000e+00
