0.000000000000000000e+00 8.561639999999999702e-04 -1.000000000000000000e+00
0.000000000000000000e+00 9.931510000000000598e-04 -1.000000000000000000e+00
0.000000000000000000e+00 9.589040000000000064e-04 -1.000000000000000000e+00
0.000000000000000000e+00 9.589040000000000064e-04 -1.000000000000000000e+00
0.000000000000000000e+00 0.000000000000000000e+00 -1.000000000000000000e+00
0.000000000000000000e+00 9.931510000000000598e-04 -1.000000000000000000e+00
0.000000000000000000e+00 4.452050000000000039e-04 -1.000000000000000000e+00
0.000000000000000000e+00 7.876709999999999875e-04 8.219180000000000409e-04
0.000000000000000000e+00 7.534249999999999498e-04 -1.000000000000000000e+00
0.000000000000000000e+00 9.246579999999999687e-04 9.589040000000000064e-04
0.000000000000000000e+00 8.904110000000000236e-04 -1.000000000000000000e+00
0.000000000000000000e+00 9.589040000000000064e-04 -1.000000000000000000e+00
0.000000000000000000e+00 9.931510000000000598e-04 -1.000000000000000000e+00
0.000000000000000000e+00 9.589040000000000064e-04 -1.000000000000000000e+00
0.000000000000000000e+00 9.931510000000000598e-04 -1.000000000000000000e+00
