0.000000000000000000e+00 2.897199999999999949e-03 -1.000000000000000000e+00
0.000000000000000000e+00 0.000000000000000000e+00 -1.000000000000000000e+00
0.000000000000000000e+00 9.345790000000000521e-04 -1.000000000000000000e+00
0.000000000000000000e+00 2.149530000000000191e-03 2.242989999999999828e-03
0.000000000000000000e+00 1.962619999999999990e-03 -1.000000000000000000e+00
0.000000000000000000e+00 2.336449999999999898e-03 2.429909999999999969e-03
0.000000000000000000e+00 2.242989999999999828e-03 -1.000000000000000000e+00
0.000000000000000000e+00 2.523360000000000099e-03 2.616820000000000170e-03
0.000000000000000000e+00 2.429909999999999969e-03 -1.000000000000000000e+00
0.000000000000000000e+00 2.616820000000000170e-03 2.710279999999999807e-03
0.000000000000000000e+00 2.616820000000000170e-03 -1.000000000000000000e+00
0.000000000000000000e+00 2.710279999999999807e-03 -1.000000000000000000e+00
0.000000000000000000e+00 2.897199999999999949e-03 -1.000000000000000000e+00
0.000000000000000000e+00 2.897199999999999949e-03 -1.000000000000000000e+00
0.000000000000000000e+00 2.897199999999999949e-03 -1.000000000000000000e+00
