0.000000000000000000e+00 2.380949999999999896e-04 3.968250000000000098e-04
0.000000000000000000e+00 1.587299999999999931e-04 3.968250000000000098e-04
0.000000000000000000e+00 0.000000000000000000e+00 -1.000000000000000000e+00
0.000000000000000000e+00 5.555560000000000186e-04 -1.000000000000000000e+00
0.000000000000000000e+00 4.761899999999999792e-04 5.555560000000000186e-04
0.000000000000000000e+00 3.968250000000000098e-04 -1.000000000000000000e+00
0.000000000000000000e+00 5.555560000000000186e-04 -1.000000000000000000e+00
0.000000000000000000e+00 5.555560000000000186e-04 -1.000000000000000000e+00
0.000000000000000000e+00 5.555560000000000186e-04 -1.000000000000000000e+00
0.000000000000000000e+00 5.555560000000000186e-04 -1.000000000000000000e+00
