0.000000000000000000e+00 1.012150000000000072e-03 1.174090000000000029e-03
0.000000000000000000e+00 2.753040000000000001e-03 -1.000000000000000000e+00
0.000000000000000000e+00 0.000000000000000000e+00 -1.000000000000000000e+00
0.000000000000000000e+00 2.105259999999999857e-03 -1.000000000000000000e+00
0.000000000000000000e+00 2.591089999999999886e-03 -1.000000000000000000e+00
0.000000000000000000e+00 2.753040000000000001e-03 -1.000000000000000000e+00
0.000000000000000000e+00 2.712550000000000204e-03 -1.000000000000000000e+00
0.000000000000000000e+00 1.497980000000000101e-03 -1.000000000000000000e+00
0.000000000000000000e+00 2.712550000000000204e-03 -1.000000000000000000e+00
0.000000000000000000e+00 2.226720000000000175e-03 -1.000000000000000000e+00
0.000000000000000000e+00 2.429150000000000146e-03 -1.000000000000000000e+00
0.000000000000000000e+00 2.388659999999999915e-03 -1.000000000000000000e+00
