0.000000000000000000e+00 0.000000000000000000e+00 -1.000000000000000000e+00
0.000000000000000000e+00 2.276419999999999919e-03 -1.000000000000000000e+00
0.000000000000000000e+00 2.357720000000000215e-03 -1.000000000000000000e+00
0.000000000000000000e+00 7.317069999999999521e-04 -1.000000000000000000e+00
0.000000000000000000e+00 1.382109999999999979e-03 -1.000000000000000000e+00
0.000000000000000000e+00 1.626019999999999939e-03 -1.000000000000000000e+00
0.000000000000000000e+00 1.788620000000000097e-03 -1.000000000000000000e+00
0.000000000000000000e+00 1.951220000000000038e-03 -1.000000000000000000e+00
0.000000000000000000e+00 2.276419999999999919e-03 -1.000000000000000000e+00
0.000000000000000000e+00 2.276419999999999919e-03 2.357720000000000215e-03
0.000000000000000000e+00 2.276419999999999919e-03 -1.000000000000000000e+00
0.000000000000000000e+00 2.357720000000000215e-03 -1.000000000000000000e+00
0.000000000000000000e+00 2.357720000000000215e-03 -1.000000000000000000e+00
0.000000000000000000e+00 2.357720000000000215e-03 -1.000000000000000000e+00
0.000000000000000000e+00 2.357720000000000215e-03 -1.000000000000000000e+00
