0.000000000000000000e+00 2.065439999999999984e-03 2.106339999999999948e-03
0.000000000000000000e+00 0.000000000000000000e+00 -1.000000000000000000e+00
0.000000000000000000e+00 2.126789999999999931e-03 -1.000000000000000000e+00
0.000000000000000000e+00 2.147239999999999913e-03 -1.000000000000000000e+00
0.000000000000000000e+00 1.267890000000000033e-03 -1.000000000000000000e+00
0.000000000000000000e+00 2.433540000000000095e-03 -1.000000000000000000e+00
0.000000000000000000e+00 2.658489999999999898e-03 -1.000000000000000000e+00
0.000000000000000000e+00 2.433540000000000095e-03 -1.000000000000000000e+00
0.000000000000000000e+00 2.474440000000000060e-03 -1.000000000000000000e+00
0.000000000000000000e+00 2.658489999999999898e-03 -1.000000000000000000e+00
0.000000000000000000e+00 2.658489999999999898e-03 -1.000000000000000000e+00
0.000000000000000000e+00 2.719839999999999845e-03 -1.000000000000000000e+00
0.000000000000000000e+00 2.638039999999999916e-03 -1.000000000000000000e+00
0.000000000000000000e+00 2.658489999999999898e-03 -1.000000000000000000e+00
