0.000000000000000000e+00 0.000000000000000000e+00 -1.000000000000000000e+00
0.000000000000000000e+00 1.704269999999999917e-03 -1.000000000000000000e+00
0.000000000000000000e+00 2.434669999999999890e-03 2.515830000000000150e-03
0.000000000000000000e+00 2.434669999999999890e-03 2.515830000000000150e-03
0.000000000000000000e+00 2.353510000000000064e-03 -1.000000000000000000e+00
0.000000000000000000e+00 2.515830000000000150e-03 -1.000000000000000000e+00
0.000000000000000000e+00 2.515830000000000150e-03 -1.000000000000000000e+00
0.000000000000000000e+00 2.515830000000000150e-03 -1.000000000000000000e+00
0.000000000000000000e+00 2.596980000000000035e-03 -1.000000000000000000e+00
0.000000000000000000e+00 2.515830000000000150e-03 -1.000000000000000000e+00
0.000000000000000000e+00 2.596980000000000035e-03 -1.000000000000000000e+00
0.000000000000000000e+00 2.596980000000000035e-03 -1.000000000000000000e+00
