0.000000000000000000e+00 2.753040000000000001e-03 3.927130000000000030e-03
0.000000000000000000e+00 0.000000000000000000e+00 -1.000000000000000000e+00
0.000000000000000000e+00 4.129550000000000061e-03 -1.000000000000000000e+00
0.000000000000000000e+00 3.684209999999999829e-03 -1.000000000000000000e+00
0.000000000000000000e+00 3.927130000000000030e-03 -1.000000000000000000e+00
0.000000000000000000e+00 4.129550000000000061e-03 -1.000000000000000000e+00
0.000000000000000000e+00 4.048580000000000408e-03 -1.000000000000000000e+00
0.000000000000000000e+00 2.429150000000000146e-03 -1.000000000000000000e+00
0.000000000000000000e+00 4.129550000000000061e-03 -1.000000000000000000e+00
0.000000000000000000e+00 3.562749999999999945e-03 -1.000000000000000000e+00
