0.000000000000000000e+00 2.847680000000000003e-03 3.046360000000000127e-03
0.000000000000000000e+00 0.000000000000000000e+00 -1.000000000000000000e+00
0.000000000000000000e+00 1.125829999999999973e-03 -1.000000000000000000e+00
0.000000000000000000e+00 2.119209999999999844e-03 -1.000000000000000000e+00
0.000000000000000000e+00 2.649009999999999820e-03 -1.000000000000000000e+00
0.000000000000000000e+00 3.377479999999999979e-03 -1.000000000000000000e+00
0.000000000000000000e+00 2.847680000000000003e-03 -1.000000000000000000e+00
0.000000000000000000e+00 3.046360000000000127e-03 -1.000000000000000000e+00
0.000000000000000000e+00 3.178809999999999795e-03 -1.000000000000000000e+00
0.000000000000000000e+00 3.311259999999999898e-03 -1.000000000000000000e+00
