0.000000000000000000e+00 1.619430000000000045e-04 4.453440000000000241e-04
0.000000000000000000e+00 0.000000000000000000e+00 -1.000000000000000000e+00
0.000000000000000000e+00 1.214570000000000103e-03 -1.000000000000000000e+00
0.000000000000000000e+00 1.174090000000000029e-03 -1.000000000000000000e+00
0.000000000000000000e+00 1.214570000000000103e-03 -1.000000000000000000e+00
0.000000000000000000e+00 6.072869999999999744e-04 -1.000000000000000000e+00
0.000000000000000000e+00 1.214570000000000103e-03 -1.000000000000000000e+00
0.000000000000000000e+00 6.882589999999999845e-04 -1.000000000000000000e+00
0.000000000000000000e+00 8.097170000000000539e-04 -1.000000000000000000e+00
0.000000000000000000e+00 9.716599999999999500e-04 -1.000000000000000000e+00
0.000000000000000000e+00 9.716599999999999500e-04 -1.000000000000000000e+00
0.000000000000000000e+00 1.214570000000000103e-03 -1.000000000000000000e+00
0.000000000000000000e+00 1.133600000000000016e-03 -1.000000000000000000e+00
0.000000000000000000e+00 1.174090000000000029e-03 -1.000000000000000000e+00
0.000000000000000000e+00 1.214570000000000103e-03 -1.000000000000000000e+00
