0.000000000000000000e+00 5.111110000000000306e-03 -1.000000000000000000e+00
0.000000000000000000e+00 0.000000000000000000e+00 -1.000000000000000000e+00
0.000000000000000000e+00 5.000000000000000104e-03 -1.000000000000000000e+00
0.000000000000000000e+00 5.000000000000000104e-03 -1.000000000000000000e+00
0.000000000000000000e+00 3.444440000000000002e-03 -1.000000000000000000e+00
0.000000000000000000e+00 4.000000000000000083e-03 4.444440000000000023e-03
0.000000000000000000e+00 4.555560000000000165e-03 4.666670000000000366e-03
0.000000000000000000e+00 3.888889999999999882e-03 -1.000000000000000000e+00
0.000000000000000000e+00 5.000000000000000104e-03 -1.000000000000000000e+00
0.000000000000000000e+00 5.111110000000000306e-03 -1.000000000000000000e+00
0.000000000000000000e+00 5.000000000000000104e-03 -1.000000000000000000e+00
0.000000000000000000e+00 5.111110000000000306e-03 -1.000000000000000000e+00
