0.000000000000000000e+00 8.350229999999999502e-04 1.431470000000000008e-03
0.000000000000000000e+00 0.000000000000000000e+00 -1.000000000000000000e+00
0.000000000000000000e+00 2.027909999999999956e-03 -1.000000000000000000e+00
0.000000000000000000e+00 1.670049999999999963e-03 -1.000000000000000000e+00
0.000000000000000000e+00 2.147200000000000150e-03 -1.000000000000000000e+00
0.000000000000000000e+00 2.862940000000000016e-03 2.982230000000000211e-03
0.000000000000000000e+00 2.743649999999999822e-03 -1.000000000000000000e+00
0.000000000000000000e+00 2.982230000000000211e-03 -1.000000000000000000e+00
0.000000000000000000e+00 2.982230000000000211e-03 -1.000000000000000000e+00
0.000000000000000000e+00 2.982230000000000211e-03 -1.000000000000000000e+00
0.000000000000000000e+00 3.101510000000000031e-03 -1.000000000000000000e+00
0.000000000000000000e+00 3.101510000000000031e-03 -1.000000000000000000e+00
0.000000000000000000e+00 3.101510000000000031e-03 -1.000000000000000000e+00
0.000000000000000000e+00 3.101510000000000031e-03 -1.000000000000000000e+00
