0.000000000000000000e+00 0.000000000000000000e+00 -1.000000000000000000e+00
0.000000000000000000e+00 1.329239999999999979e-03 -1.000000000000000000e+00
0.000000000000000000e+00 1.042940000000000013e-03 -1.000000000000000000e+00
0.000000000000000000e+00 1.186090000000000104e-03 -1.000000000000000000e+00
0.000000000000000000e+00 1.206540000000000086e-03 -1.000000000000000000e+00
0.000000000000000000e+00 1.124739999999999941e-03 -1.000000000000000000e+00
0.000000000000000000e+00 1.329239999999999979e-03 -1.000000000000000000e+00
0.000000000000000000e+00 1.267890000000000033e-03 -1.000000000000000000e+00
0.000000000000000000e+00 1.042940000000000013e-03 -1.000000000000000000e+00
0.000000000000000000e+00 1.124739999999999941e-03 -1.000000000000000000e+00
0.000000000000000000e+00 1.288340000000000015e-03 -1.000000000000000000e+00
