0.000000000000000000e+00 4.444440000000000023e-04 1.666670000000000087e-03
0.000000000000000000e+00 1.222219999999999990e-03 2.555560000000000123e-03
0.000000000000000000e+00 0.000000000000000000e+00 -1.000000000000000000e+00
0.000000000000000000e+00 2.444439999999999981e-03 -1.000000000000000000e+00
0.000000000000000000e+00 2.444439999999999981e-03 -1.000000000000000000e+00
0.000000000000000000e+00 1.777780000000000072e-03 -1.000000000000000000e+00
0.000000000000000000e+00 2.666669999999999891e-03 -1.000000000000000000e+00
0.000000000000000000e+00 2.666669999999999891e-03 -1.000000000000000000e+00
0.000000000000000000e+00 2.666669999999999891e-03 -1.000000000000000000e+00
0.000000000000000000e+00 2.222220000000000011e-03 -1.000000000000000000e+00
0.000000000000000000e+00 2.444439999999999981e-03 -1.000000000000000000e+00
0.000000000000000000e+00 2.333330000000000213e-03 -1.000000000000000000e+00
0.000000000000000000e+00 2.666669999999999891e-03 -1.000000000000000000e+00
0.000000000000000000e+00 2.666669999999999891e-03 -1.000000000000000000e+00
0.000000000000000000e+00 2.555560000000000123e-03 -1.000000000000000000e+00
