0.000000000000000000e+00 1.559449999999999985e-04 2.339180000000000057e-04
0.000000000000000000e+00 5.263159999999999800e-04 -1.000000000000000000e+00
0.000000000000000000e+00 0.000000000000000000e+00 -1.000000000000000000e+00
0.000000000000000000e+00 2.729039999999999743e-04 -1.000000000000000000e+00
0.000000000000000000e+00 5.847950000000000413e-04 -1.000000000000000000e+00
0.000000000000000000e+00 5.068229999999999957e-04 -1.000000000000000000e+00
0.000000000000000000e+00 4.093570000000000043e-04 -1.000000000000000000e+00
0.000000000000000000e+00 5.847950000000000413e-04 -1.000000000000000000e+00
0.000000000000000000e+00 5.068229999999999957e-04 -1.000000000000000000e+00
0.000000000000000000e+00 4.483430000000000271e-04 -1.000000000000000000e+00
