0.000000000000000000e+00 5.263159999999999800e-04 9.311739999999999991e-04
0.000000000000000000e+00 0.000000000000000000e+00 -1.000000000000000000e+00
0.000000000000000000e+00 2.105259999999999857e-03 -1.000000000000000000e+00
0.000000000000000000e+00 1.457490000000000088e-03 -1.000000000000000000e+00
0.000000000000000000e+00 2.064780000000000001e-03 -1.000000000000000000e+00
0.000000000000000000e+00 1.214570000000000103e-03 -1.000000000000000000e+00
0.000000000000000000e+00 1.578949999999999972e-03 -1.000000000000000000e+00
0.000000000000000000e+00 1.983809999999999914e-03 -1.000000000000000000e+00
0.000000000000000000e+00 1.983809999999999914e-03 -1.000000000000000000e+00
0.000000000000000000e+00 2.105259999999999857e-03 -1.000000000000000000e+00
