0.000000000000000000e+00 0.000000000000000000e+00 -1.000000000000000000e+00
0.000000000000000000e+00 3.459380000000000181e-03 -1.000000000000000000e+00
0.000000000000000000e+00 1.073600000000000075e-03 -1.000000000000000000e+00
0.000000000000000000e+00 1.192890000000000053e-03 -1.000000000000000000e+00
0.000000000000000000e+00 1.908619999999999978e-03 -1.000000000000000000e+00
0.000000000000000000e+00 2.862940000000000016e-03 -1.000000000000000000e+00
0.000000000000000000e+00 3.101510000000000031e-03 3.220799999999999792e-03
0.000000000000000000e+00 3.101510000000000031e-03 -1.000000000000000000e+00
0.000000000000000000e+00 3.340089999999999986e-03 -1.000000000000000000e+00
0.000000000000000000e+00 3.459380000000000181e-03 -1.000000000000000000e+00
0.000000000000000000e+00 3.459380000000000181e-03 -1.000000000000000000e+00
