0.000000000000000000e+00 0.000000000000000000e+00 -1.000000000000000000e+00
0.000000000000000000e+00 6.406249999999999618e-03 -1.000000000000000000e+00
0.000000000000000000e+00 6.718749999999999896e-03 -1.000000000000000000e+00
0.000000000000000000e+00 5.156250000000000243e-03 7.656249999999999861e-03
0.000000000000000000e+00 4.531249999999999688e-03 -1.000000000000000000e+00
0.000000000000000000e+00 8.593750000000000694e-03 8.750000000000000833e-03
0.000000000000000000e+00 8.281250000000000416e-03 -1.000000000000000000e+00
0.000000000000000000e+00 9.218749999999999514e-03 -1.000000000000000000e+00
0.000000000000000000e+00 9.374999999999999653e-03 -1.000000000000000000e+00
0.000000000000000000e+00 9.531249999999999792e-03 -1.000000000000000000e+00
