0.000000000000000000e+00 0.000000000000000000e+00 -1.000000000000000000e+00
0.000000000000000000e+00 2.315789999999999862e-03 -1.000000000000000000e+00
0.000000000000000000e+00 1.736839999999999912e-03 -1.000000000000000000e+00
0.000000000000000000e+00 2.473679999999999803e-03 -1.000000000000000000e+00
0.000000000000000000e+00 2.105259999999999857e-03 -1.000000000000000000e+00
0.000000000000000000e+00 2.052630000000000166e-03 -1.000000000000000000e+00
0.000000000000000000e+00 2.263160000000000172e-03 -1.000000000000000000e+00
0.000000000000000000e+00 2.421050000000000112e-03 -1.000000000000000000e+00
0.000000000000000000e+00 2.473679999999999803e-03 -1.000000000000000000e+00
0.000000000000000000e+00 2.473679999999999803e-03 -1.000000000000000000e+00
