0.000000000000000000e+00 0.000000000000000000e+00 -1.000000000000000000e+00
0.000000000000000000e+00 8.411210000000000128e-04 -1.000000000000000000e+00
0.000000000000000000e+00 1.588790000000000081e-03 -1.000000000000000000e+00
0.000000000000000000e+00 1.495330000000000010e-03 1.588790000000000081e-03
0.000000000000000000e+00 1.401869999999999939e-03 -1.000000000000000000e+00
0.000000000000000000e+00 1.028040000000000030e-03 -1.000000000000000000e+00
0.000000000000000000e+00 1.588790000000000081e-03 -1.000000000000000000e+00
0.000000000000000000e+00 1.588790000000000081e-03 -1.000000000000000000e+00
0.000000000000000000e+00 1.588790000000000081e-03 -1.000000000000000000e+00
0.000000000000000000e+00 1.588790000000000081e-03 -1.000000000000000000e+00
