0.000000000000000000e+00 0.000000000000000000e+00 -1.000000000000000000e+00
0.000000000000000000e+00 1.578949999999999917e-04 -1.000000000000000000e+00
0.000000000000000000e+00 6.315789999999999512e-04 -1.000000000000000000e+00
0.000000000000000000e+00 7.368420000000000308e-04 9.473679999999999731e-04
0.000000000000000000e+00 8.421050000000000020e-04 9.473679999999999731e-04
0.000000000000000000e+00 8.421050000000000020e-04 9.473679999999999731e-04
0.000000000000000000e+00 4.736839999999999866e-04 -1.000000000000000000e+00
0.000000000000000000e+00 9.473679999999999731e-04 -1.000000000000000000e+00
0.000000000000000000e+00 9.473679999999999731e-04 -1.000000000000000000e+00
0.000000000000000000e+00 9.473679999999999731e-04 -1.000000000000000000e+00
0.000000000000000000e+00 9.473679999999999731e-04 -1.000000000000000000e+00
0.000000000000000000e+00 1.000000000000000021e-03 -1.000000000000000000e+00
0.000000000000000000e+00 9.473679999999999731e-04 -1.000000000000000000e+00
0.000000000000000000e+00 1.000000000000000021e-03 -1.000000000000000000e+00
