0.000000000000000000e+00 1.738240000000000054e-03 1.758690000000000036e-03
0.000000000000000000e+00 1.779140000000000018e-03 1.840489999999999965e-03
0.000000000000000000e+00 0.000000000000000000e+00 -1.000000000000000000e+00
0.000000000000000000e+00 1.165639999999999905e-03 -1.000000000000000000e+00
0.000000000000000000e+00 1.779140000000000018e-03 -1.000000000000000000e+00
0.000000000000000000e+00 1.676890000000000108e-03 -1.000000000000000000e+00
0.000000000000000000e+00 1.820039999999999982e-03 -1.000000000000000000e+00
0.000000000000000000e+00 1.676890000000000108e-03 -1.000000000000000000e+00
0.000000000000000000e+00 1.840489999999999965e-03 -1.000000000000000000e+00
0.000000000000000000e+00 1.758690000000000036e-03 -1.000000000000000000e+00
0.000000000000000000e+00 1.656439999999999909e-03 -1.000000000000000000e+00
0.000000000000000000e+00 1.840489999999999965e-03 -1.000000000000000000e+00
0.000000000000000000e+00 1.717790000000000072e-03 -1.000000000000000000e+00
0.000000000000000000e+00 1.840489999999999965e-03 -1.000000000000000000e+00
