0.000000000000000000e+00 0.000000000000000000e+00 -1.000000000000000000e+00
0.000000000000000000e+00 3.252029999999999830e-04 -1.000000000000000000e+00
0.000000000000000000e+00 9.756100000000000189e-04 -1.000000000000000000e+00
0.000000000000000000e+00 6.504069999999999817e-04 7.317069999999999521e-04
0.000000000000000000e+00 6.504069999999999817e-04 -1.000000000000000000e+00
0.000000000000000000e+00 8.130080000000000466e-04 8.943090000000000327e-04
0.000000000000000000e+00 8.130080000000000466e-04 -1.000000000000000000e+00
0.000000000000000000e+00 8.943090000000000327e-04 -1.000000000000000000e+00
0.000000000000000000e+00 8.943090000000000327e-04 -1.000000000000000000e+00
0.000000000000000000e+00 8.943090000000000327e-04 -1.000000000000000000e+00
0.000000000000000000e+00 9.756100000000000189e-04 -1.000000000000000000e+00
0.000000000000000000e+00 9.756100000000000189e-04 -1.000000000000000000e+00
0.000000000000000000e+00 9.756100000000000189e-04 -1.000000000000000000e+00
