0.000000000000000000e+00 0.000000000000000000e+00 -1.000000000000000000e+00
0.000000000000000000e+00 1.619430000000000045e-03 -1.000000000000000000e+00
0.000000000000000000e+00 2.186229999999999944e-03 -1.000000000000000000e+00
0.000000000000000000e+00 2.226720000000000175e-03 -1.000000000000000000e+00
0.000000000000000000e+00 1.295549999999999913e-03 -1.000000000000000000e+00
0.000000000000000000e+00 1.740889999999999929e-03 1.862350000000000030e-03
0.000000000000000000e+00 1.538459999999999958e-03 -1.000000000000000000e+00
0.000000000000000000e+00 1.983809999999999914e-03 -1.000000000000000000e+00
0.000000000000000000e+00 2.064780000000000001e-03 -1.000000000000000000e+00
0.000000000000000000e+00 2.186229999999999944e-03 -1.000000000000000000e+00
