0.000000000000000000e+00 1.041669999999999966e-03 1.145830000000000026e-03
0.000000000000000000e+00 0.000000000000000000e+00 -1.000000000000000000e+00
0.000000000000000000e+00 2.291669999999999992e-03 -1.000000000000000000e+00
0.000000000000000000e+00 1.979170000000000148e-03 2.083329999999999991e-03
0.000000000000000000e+00 1.250000000000000026e-03 -1.000000000000000000e+00
0.000000000000000000e+00 2.187500000000000208e-03 2.291669999999999992e-03
0.000000000000000000e+00 2.083329999999999991e-03 -1.000000000000000000e+00
0.000000000000000000e+00 2.291669999999999992e-03 -1.000000000000000000e+00
0.000000000000000000e+00 2.291669999999999992e-03 -1.000000000000000000e+00
0.000000000000000000e+00 2.291669999999999992e-03 -1.000000000000000000e+00
