0.000000000000000000e+00 1.942740000000000092e-03 -1.000000000000000000e+00
0.000000000000000000e+00 2.024540000000000020e-03 -1.000000000000000000e+00
0.000000000000000000e+00 1.635989999999999927e-03 -1.000000000000000000e+00
0.000000000000000000e+00 0.000000000000000000e+00 -1.000000000000000000e+00
0.000000000000000000e+00 2.310840000000000203e-03 -1.000000000000000000e+00
0.000000000000000000e+00 2.208589999999999859e-03 -1.000000000000000000e+00
0.000000000000000000e+00 2.147239999999999913e-03 -1.000000000000000000e+00
0.000000000000000000e+00 2.167689999999999895e-03 -1.000000000000000000e+00
0.000000000000000000e+00 2.310840000000000203e-03 -1.000000000000000000e+00
0.000000000000000000e+00 2.310840000000000203e-03 -1.000000000000000000e+00
0.000000000000000000e+00 2.310840000000000203e-03 -1.000000000000000000e+00
0.000000000000000000e+00 2.331290000000000185e-03 -1.000000000000000000e+00
