0.000000000000000000e+00 3.424659999999999835e-04 5.821920000000000393e-04
0.000000000000000000e+00 1.369860000000000088e-03 -1.000000000000000000e+00
0.000000000000000000e+00 1.130139999999999964e-03 -1.000000000000000000e+00
0.000000000000000000e+00 0.000000000000000000e+00 -1.000000000000000000e+00
0.000000000000000000e+00 1.301370000000000044e-03 -1.000000000000000000e+00
0.000000000000000000e+00 1.301370000000000044e-03 -1.000000000000000000e+00
0.000000000000000000e+00 1.369860000000000088e-03 -1.000000000000000000e+00
0.000000000000000000e+00 1.369860000000000088e-03 -1.000000000000000000e+00
0.000000000000000000e+00 2.739730000000000008e-04 -1.000000000000000000e+00
0.000000000000000000e+00 9.589040000000000064e-04 -1.000000000000000000e+00
0.000000000000000000e+00 1.267120000000000052e-03 -1.000000000000000000e+00
0.000000000000000000e+00 1.335620000000000036e-03 -1.000000000000000000e+00
