0.000000000000000000e+00 1.960780000000000021e-04 1.078430000000000014e-03
0.000000000000000000e+00 0.000000000000000000e+00 -1.000000000000000000e+00
0.000000000000000000e+00 3.823529999999999898e-03 -1.000000000000000000e+00
0.000000000000000000e+00 3.529410000000000186e-03 -1.000000000000000000e+00
0.000000000000000000e+00 1.470589999999999918e-03 2.352939999999999979e-03
0.000000000000000000e+00 4.901960000000000345e-04 -1.000000000000000000e+00
0.000000000000000000e+00 2.549019999999999932e-03 -1.000000000000000000e+00
0.000000000000000000e+00 2.941179999999999836e-03 -1.000000000000000000e+00
0.000000000000000000e+00 3.627449999999999945e-03 3.823529999999999898e-03
0.000000000000000000e+00 3.725490000000000138e-03 3.823529999999999898e-03
0.000000000000000000e+00 3.529410000000000186e-03 -1.000000000000000000e+00
0.000000000000000000e+00 3.823529999999999898e-03 -1.000000000000000000e+00
0.000000000000000000e+00 3.823529999999999898e-03 -1.000000000000000000e+00
0.000000000000000000e+00 3.823529999999999898e-03 -1.000000000000000000e+00
