0.000000000000000000e+00 0.000000000000000000e+00 -1.000000000000000000e+00
0.000000000000000000e+00 2.862940000000000016e-03 -1.000000000000000000e+00
0.000000000000000000e+00 3.220799999999999792e-03 -1.000000000000000000e+00
0.000000000000000000e+00 3.459380000000000181e-03 -1.000000000000000000e+00
0.000000000000000000e+00 3.459380000000000181e-03 -1.000000000000000000e+00
0.000000000000000000e+00 3.578669999999999941e-03 3.697960000000000136e-03
0.000000000000000000e+00 3.578669999999999941e-03 -1.000000000000000000e+00
0.000000000000000000e+00 3.697960000000000136e-03 -1.000000000000000000e+00
0.000000000000000000e+00 3.697960000000000136e-03 -1.000000000000000000e+00
0.000000000000000000e+00 3.697960000000000136e-03 -1.000000000000000000e+00
0.000000000000000000e+00 3.697960000000000136e-03 -1.000000000000000000e+00
0.000000000000000000e+00 3.697960000000000136e-03 -1.000000000000000000e+00
