0.000000000000000000e+00 0.000000000000000000e+00 -1.000000000000000000e+00
0.000000000000000000e+00 1.219510000000000038e-03 -1.000000000000000000e+00
0.000000000000000000e+00 1.382109999999999979e-03 -1.000000000000000000e+00
0.000000000000000000e+00 1.382109999999999979e-03 -1.000000000000000000e+00
0.000000000000000000e+00 1.382109999999999979e-03 -1.000000000000000000e+00
0.000000000000000000e+00 1.382109999999999979e-03 -1.000000000000000000e+00
0.000000000000000000e+00 8.130080000000000466e-04 1.056910000000000098e-03
0.000000000000000000e+00 7.317069999999999521e-04 -1.000000000000000000e+00
0.000000000000000000e+00 8.943090000000000327e-04 -1.000000000000000000e+00
0.000000000000000000e+00 1.138209999999999960e-03 1.382109999999999979e-03
0.000000000000000000e+00 1.138209999999999960e-03 1.382109999999999979e-03
0.000000000000000000e+00 1.056910000000000098e-03 -1.000000000000000000e+00
0.000000000000000000e+00 1.382109999999999979e-03 -1.000000000000000000e+00
0.000000000000000000e+00 1.382109999999999979e-03 -1.000000000000000000e+00
0.000000000000000000e+00 1.382109999999999979e-03 -1.000000000000000000e+00
