0.000000000000000000e+00 0.000000000000000000e+00 -1.000000000000000000e+00
0.000000000000000000e+00 2.336449999999999898e-03 -1.000000000000000000e+00
0.000000000000000000e+00 2.056070000000000120e-03 -1.000000000000000000e+00
0.000000000000000000e+00 2.429909999999999969e-03 -1.000000000000000000e+00
0.000000000000000000e+00 2.336449999999999898e-03 2.429909999999999969e-03
0.000000000000000000e+00 2.149530000000000191e-03 -1.000000000000000000e+00
0.000000000000000000e+00 2.336449999999999898e-03 -1.000000000000000000e+00
0.000000000000000000e+00 2.429909999999999969e-03 -1.000000000000000000e+00
0.000000000000000000e+00 2.429909999999999969e-03 -1.000000000000000000e+00
0.000000000000000000e+00 2.429909999999999969e-03 -1.000000000000000000e+00
