0.000000000000000000e+00 0.000000000000000000e+00 -1.000000000000000000e+00
0.000000000000000000e+00 1.544720000000000077e-03 -1.000000000000000000e+00
0.000000000000000000e+00 7.317069999999999521e-04 -1.000000000000000000e+00
0.000000000000000000e+00 9.756100000000000189e-04 -1.000000000000000000e+00
0.000000000000000000e+00 9.756100000000000189e-04 -1.000000000000000000e+00
0.000000000000000000e+00 1.138209999999999960e-03 1.300809999999999900e-03
0.000000000000000000e+00 1.138209999999999960e-03 1.300809999999999900e-03
0.000000000000000000e+00 1.219510000000000038e-03 1.300809999999999900e-03
0.000000000000000000e+00 1.138209999999999960e-03 -1.000000000000000000e+00
0.000000000000000000e+00 1.300809999999999900e-03 1.382109999999999979e-03
0.000000000000000000e+00 1.300809999999999900e-03 1.382109999999999979e-03
0.000000000000000000e+00 1.300809999999999900e-03 -1.000000000000000000e+00
0.000000000000000000e+00 1.382109999999999979e-03 1.463410000000000058e-03
0.000000000000000000e+00 1.382109999999999979e-03 -1.000000000000000000e+00
0.000000000000000000e+00 1.463410000000000058e-03 -1.000000000000000000e+00
0.000000000000000000e+00 1.463410000000000058e-03 1.544720000000000077e-03
0.000000000000000000e+00 1.463410000000000058e-03 -1.000000000000000000e+00
0.000000000000000000e+00 1.544720000000000077e-03 -1.000000000000000000e+00
0.000000000000000000e+00 1.544720000000000077e-03 -1.000000000000000000e+00
