0.000000000000000000e+00 6.748470000000000120e-04 -1.000000000000000000e+00
0.000000000000000000e+00 0.000000000000000000e+00 -1.000000000000000000e+00
0.000000000000000000e+00 7.566460000000000330e-04 -1.000000000000000000e+00
0.000000000000000000e+00 6.952969999999999940e-04 -1.000000000000000000e+00
0.000000000000000000e+00 6.952969999999999940e-04 -1.000000000000000000e+00
0.000000000000000000e+00 4.907979999999999721e-04 -1.000000000000000000e+00
0.000000000000000000e+00 5.930469999999999752e-04 -1.000000000000000000e+00
0.000000000000000000e+00 4.907979999999999721e-04 -1.000000000000000000e+00
0.000000000000000000e+00 7.566460000000000330e-04 -1.000000000000000000e+00
0.000000000000000000e+00 7.157459999999999604e-04 -1.000000000000000000e+00
0.000000000000000000e+00 6.952969999999999940e-04 -1.000000000000000000e+00
0.000000000000000000e+00 7.157459999999999604e-04 -1.000000000000000000e+00
