0.000000000000000000e+00 0.000000000000000000e+00 -1.000000000000000000e+00
0.000000000000000000e+00 8.835620000000000626e-03 -1.000000000000000000e+00
0.000000000000000000e+00 9.828770000000000562e-03 -1.000000000000000000e+00
0.000000000000000000e+00 9.794519999999999268e-03 -1.000000000000000000e+00
0.000000000000000000e+00 9.828770000000000562e-03 -1.000000000000000000e+00
0.000000000000000000e+00 9.760269999999999710e-03 -1.000000000000000000e+00
0.000000000000000000e+00 9.486299999999999594e-03 -1.000000000000000000e+00
0.000000000000000000e+00 9.554790000000000505e-03 -1.000000000000000000e+00
0.000000000000000000e+00 9.828770000000000562e-03 -1.000000000000000000e+00
0.000000000000000000e+00 9.760269999999999710e-03 -1.000000000000000000e+00
0.000000000000000000e+00 9.828770000000000562e-03 -1.000000000000000000e+00
