0.000000000000000000e+00 5.052629999999999795e-03 -1.000000000000000000e+00
0.000000000000000000e+00 5.631579999999999746e-03 -1.000000000000000000e+00
0.000000000000000000e+00 0.000000000000000000e+00 -1.000000000000000000e+00
0.000000000000000000e+00 5.684210000000000304e-03 -1.000000000000000000e+00
0.000000000000000000e+00 5.789469999999999686e-03 -1.000000000000000000e+00
0.000000000000000000e+00 5.526320000000000364e-03 -1.000000000000000000e+00
0.000000000000000000e+00 5.210529999999999676e-03 -1.000000000000000000e+00
0.000000000000000000e+00 5.789469999999999686e-03 -1.000000000000000000e+00
0.000000000000000000e+00 5.736839999999999995e-03 -1.000000000000000000e+00
0.000000000000000000e+00 5.736839999999999995e-03 -1.000000000000000000e+00
