0.000000000000000000e+00 6.250000000000000130e-04 7.812500000000000434e-04
0.000000000000000000e+00 0.000000000000000000e+00 -1.000000000000000000e+00
0.000000000000000000e+00 1.406249999999999948e-03 -1.000000000000000000e+00
0.000000000000000000e+00 3.749999999999999861e-03 -1.000000000000000000e+00
0.000000000000000000e+00 3.906250000000000000e-03 -1.000000000000000000e+00
0.000000000000000000e+00 9.374999999999999653e-04 1.406249999999999948e-03
0.000000000000000000e+00 2.343749999999999913e-03 2.500000000000000052e-03
0.000000000000000000e+00 1.562500000000000033e-04 -1.000000000000000000e+00
0.000000000000000000e+00 1.874999999999999931e-03 3.125000000000000173e-03
0.000000000000000000e+00 1.093750000000000104e-03 -1.000000000000000000e+00
0.000000000000000000e+00 3.125000000000000173e-03 -1.000000000000000000e+00
0.000000000000000000e+00 3.749999999999999861e-03 -1.000000000000000000e+00
0.000000000000000000e+00 3.906250000000000000e-03 -1.000000000000000000e+00
