0.000000000000000000e+00 0.000000000000000000e+00 -1.000000000000000000e+00
0.000000000000000000e+00 1.013510000000000019e-03 -1.000000000000000000e+00
0.000000000000000000e+00 5.405409999999999599e-04 -1.000000000000000000e+00
0.000000000000000000e+00 9.459460000000000264e-04 1.013510000000000019e-03
0.000000000000000000e+00 9.459460000000000264e-04 1.013510000000000019e-03
0.000000000000000000e+00 8.783779999999999713e-04 -1.000000000000000000e+00
0.000000000000000000e+00 1.013510000000000019e-03 -1.000000000000000000e+00
0.000000000000000000e+00 1.013510000000000019e-03 -1.000000000000000000e+00
0.000000000000000000e+00 1.013510000000000019e-03 -1.000000000000000000e+00
0.000000000000000000e+00 1.013510000000000019e-03 -1.000000000000000000e+00
