0.000000000000000000e+00 5.555560000000000186e-04 1.000000000000000021e-03
0.000000000000000000e+00 0.000000000000000000e+00 -1.000000000000000000e+00
0.000000000000000000e+00 2.222220000000000011e-03 -1.000000000000000000e+00
0.000000000000000000e+00 1.444439999999999960e-03 -1.000000000000000000e+00
0.000000000000000000e+00 2.333330000000000213e-03 -1.000000000000000000e+00
0.000000000000000000e+00 2.333330000000000213e-03 -1.000000000000000000e+00
0.000000000000000000e+00 1.666670000000000087e-03 1.777780000000000072e-03
0.000000000000000000e+00 1.444439999999999960e-03 -1.000000000000000000e+00
0.000000000000000000e+00 1.888890000000000057e-03 2.333330000000000213e-03
0.000000000000000000e+00 1.666670000000000087e-03 -1.000000000000000000e+00
0.000000000000000000e+00 2.333330000000000213e-03 -1.000000000000000000e+00
0.000000000000000000e+00 2.333330000000000213e-03 -1.000000000000000000e+00
