0.000000000000000000e+00 1.368419999999999966e-03 1.473679999999999999e-03
0.000000000000000000e+00 0.000000000000000000e+00 -1.000000000000000000e+00
0.000000000000000000e+00 2.052630000000000166e-03 -1.000000000000000000e+00
0.000000000000000000e+00 2.473679999999999803e-03 -1.000000000000000000e+00
0.000000000000000000e+00 1.947369999999999917e-03 2.000000000000000042e-03
0.000000000000000000e+00 1.736839999999999912e-03 2.000000000000000042e-03
0.000000000000000000e+00 1.210530000000000026e-03 -1.000000000000000000e+00
0.000000000000000000e+00 2.157889999999999982e-03 2.315789999999999862e-03
0.000000000000000000e+00 2.210530000000000047e-03 2.315789999999999862e-03
0.000000000000000000e+00 2.000000000000000042e-03 2.315789999999999862e-03
0.000000000000000000e+00 2.000000000000000042e-03 -1.000000000000000000e+00
0.000000000000000000e+00 2.315789999999999862e-03 2.473679999999999803e-03
0.000000000000000000e+00 2.368419999999999987e-03 2.473679999999999803e-03
0.000000000000000000e+00 2.315789999999999862e-03 2.473679999999999803e-03
0.000000000000000000e+00 2.105259999999999857e-03 -1.000000000000000000e+00
0.000000000000000000e+00 2.263160000000000172e-03 -1.000000000000000000e+00
0.000000000000000000e+00 2.473679999999999803e-03 -1.000000000000000000e+00
0.000000000000000000e+00 2.473679999999999803e-03 -1.000000000000000000e+00
0.000000000000000000e+00 2.473679999999999803e-03 -1.000000000000000000e+00
0.000000000000000000e+00 2.315789999999999862e-03 -1.000000000000000000e+00
0.000000000000000000e+00 2.473679999999999803e-03 -1.000000000000000000e+00
