0.000000000000000000e+00 5.263159999999999800e-04 7.368420000000000308e-04
0.000000000000000000e+00 0.000000000000000000e+00 -1.000000000000000000e+00
0.000000000000000000e+00 1.894740000000000009e-03 -1.000000000000000000e+00
0.000000000000000000e+00 2.052630000000000166e-03 -1.000000000000000000e+00
0.000000000000000000e+00 1.157889999999999961e-03 1.315790000000000059e-03
0.000000000000000000e+00 1.000000000000000021e-03 -1.000000000000000000e+00
0.000000000000000000e+00 1.631580000000000096e-03 -1.000000000000000000e+00
0.000000000000000000e+00 2.263160000000000172e-03 -1.000000000000000000e+00
0.000000000000000000e+00 2.210530000000000047e-03 -1.000000000000000000e+00
0.000000000000000000e+00 2.157889999999999982e-03 -1.000000000000000000e+00
0.000000000000000000e+00 2.210530000000000047e-03 -1.000000000000000000e+00
