0.000000000000000000e+00 8.411210000000000128e-04 9.345790000000000521e-04
0.000000000000000000e+00 0.000000000000000000e+00 -1.000000000000000000e+00
0.000000000000000000e+00 4.672899999999999797e-04 -1.000000000000000000e+00
0.000000000000000000e+00 8.411210000000000128e-04 -1.000000000000000000e+00
0.000000000000000000e+00 1.028040000000000030e-03 -1.000000000000000000e+00
0.000000000000000000e+00 7.476639999999999892e-04 -1.000000000000000000e+00
0.000000000000000000e+00 1.028040000000000030e-03 -1.000000000000000000e+00
0.000000000000000000e+00 1.028040000000000030e-03 -1.000000000000000000e+00
0.000000000000000000e+00 7.476639999999999892e-04 -1.000000000000000000e+00
0.000000000000000000e+00 9.345790000000000521e-04 -1.000000000000000000e+00
