0.000000000000000000e+00 0.000000000000000000e+00 -1.000000000000000000e+00
0.000000000000000000e+00 2.429150000000000146e-03 -1.000000000000000000e+00
0.000000000000000000e+00 1.659920000000000059e-03 -1.000000000000000000e+00
0.000000000000000000e+00 2.469639999999999943e-03 -1.000000000000000000e+00
0.000000000000000000e+00 1.781379999999999943e-03 -1.000000000000000000e+00
0.000000000000000000e+00 2.267209999999999972e-03 -1.000000000000000000e+00
0.000000000000000000e+00 2.388659999999999915e-03 2.429150000000000146e-03
0.000000000000000000e+00 2.348180000000000059e-03 -1.000000000000000000e+00
0.000000000000000000e+00 2.348180000000000059e-03 -1.000000000000000000e+00
0.000000000000000000e+00 2.388659999999999915e-03 -1.000000000000000000e+00
0.000000000000000000e+00 2.469639999999999943e-03 -1.000000000000000000e+00
0.000000000000000000e+00 2.469639999999999943e-03 -1.000000000000000000e+00
