0.000000000000000000e+00 5.964450000000000264e-04 1.073600000000000075e-03
0.000000000000000000e+00 0.000000000000000000e+00 -1.000000000000000000e+00
0.000000000000000000e+00 1.073600000000000075e-03 -1.000000000000000000e+00
0.000000000000000000e+00 2.027909999999999956e-03 -1.000000000000000000e+00
0.000000000000000000e+00 1.073600000000000075e-03 -1.000000000000000000e+00
0.000000000000000000e+00 1.312180000000000030e-03 -1.000000000000000000e+00
0.000000000000000000e+00 1.789339999999999941e-03 -1.000000000000000000e+00
0.000000000000000000e+00 1.908619999999999978e-03 2.027909999999999956e-03
0.000000000000000000e+00 1.908619999999999978e-03 -1.000000000000000000e+00
0.000000000000000000e+00 2.027909999999999956e-03 -1.000000000000000000e+00
0.000000000000000000e+00 2.027909999999999956e-03 -1.000000000000000000e+00
0.000000000000000000e+00 2.027909999999999956e-03 -1.000000000000000000e+00
