0.000000000000000000e+00 0.000000000000000000e+00 -1.000000000000000000e+00
0.000000000000000000e+00 7.187500000000000312e-03 -1.000000000000000000e+00
0.000000000000000000e+00 5.624999999999999792e-03 6.145829999999999696e-03
0.000000000000000000e+00 5.312500000000000382e-03 -1.000000000000000000e+00
0.000000000000000000e+00 6.354170000000000131e-03 6.770830000000000251e-03
0.000000000000000000e+00 6.250000000000000347e-03 -1.000000000000000000e+00
0.000000000000000000e+00 6.875000000000000035e-03 -1.000000000000000000e+00
0.000000000000000000e+00 7.083329999999999661e-03 -1.000000000000000000e+00
0.000000000000000000e+00 7.083329999999999661e-03 -1.000000000000000000e+00
0.000000000000000000e+00 7.187500000000000312e-03 -1.000000000000000000e+00
