0.000000000000000000e+00 5.562909999999999903e-03 5.960260000000000211e-03
0.000000000000000000e+00 9.933769999999999319e-04 -1.000000000000000000e+00
0.000000000000000000e+00 3.576160000000000103e-03 -1.000000000000000000e+00
0.000000000000000000e+00 0.000000000000000000e+00 -1.000000000000000000e+00
0.000000000000000000e+00 5.364240000000000154e-03 -1.000000000000000000e+00
0.000000000000000000e+00 5.364240000000000154e-03 -1.000000000000000000e+00
0.000000000000000000e+00 5.960260000000000211e-03 -1.000000000000000000e+00
0.000000000000000000e+00 5.960260000000000211e-03 -1.000000000000000000e+00
0.000000000000000000e+00 6.026489999999999798e-03 -1.000000000000000000e+00
0.000000000000000000e+00 6.026489999999999798e-03 -1.000000000000000000e+00
