0.000000000000000000e+00 5.052629999999999795e-03 5.210529999999999676e-03
0.000000000000000000e+00 0.000000000000000000e+00 -1.000000000000000000e+00
0.000000000000000000e+00 4.157890000000000023e-03 -1.000000000000000000e+00
0.000000000000000000e+00 5.473679999999999865e-03 -1.000000000000000000e+00
0.000000000000000000e+00 5.157890000000000044e-03 -1.000000000000000000e+00
0.000000000000000000e+00 5.263160000000000234e-03 5.368419999999999616e-03
0.000000000000000000e+00 5.263160000000000234e-03 -1.000000000000000000e+00
0.000000000000000000e+00 5.421050000000000174e-03 5.473679999999999865e-03
0.000000000000000000e+00 5.421050000000000174e-03 5.473679999999999865e-03
0.000000000000000000e+00 5.368419999999999616e-03 -1.000000000000000000e+00
0.000000000000000000e+00 5.473679999999999865e-03 -1.000000000000000000e+00
0.000000000000000000e+00 5.473679999999999865e-03 -1.000000000000000000e+00
0.000000000000000000e+00 5.473679999999999865e-03 -1.000000000000000000e+00
0.000000000000000000e+00 5.473679999999999865e-03 -1.000000000000000000e+00
