0.000000000000000000e+00 2.054790000000000024e-04 2.397260000000000016e-04
0.000000000000000000e+00 0.000000000000000000e+00 -1.000000000000000000e+00
0.000000000000000000e+00 0.000000000000000000e+00 -1.000000000000000000e+00
0.000000000000000000e+00 5.479449999999999859e-04 -1.000000000000000000e+00
0.000000000000000000e+00 4.794520000000000032e-04 -1.000000000000000000e+00
0.000000000000000000e+00 3.424659999999999835e-04 5.136989999999999482e-04
0.000000000000000000e+00 3.424659999999999835e-04 -1.000000000000000000e+00
0.000000000000000000e+00 5.479449999999999859e-04 -1.000000000000000000e+00
0.000000000000000000e+00 5.136989999999999482e-04 5.479449999999999859e-04
0.000000000000000000e+00 5.136989999999999482e-04 -1.000000000000000000e+00
0.000000000000000000e+00 5.479449999999999859e-04 -1.000000000000000000e+00
0.000000000000000000e+00 5.479449999999999859e-04 -1.000000000000000000e+00
