0.000000000000000000e+00 1.960780000000000021e-04 2.941180000000000053e-04
0.000000000000000000e+00 0.000000000000000000e+00 5.882349999999999949e-04
0.000000000000000000e+00 0.000000000000000000e+00 -1.000000000000000000e+00
0.000000000000000000e+00 7.843140000000000398e-04 -1.000000000000000000e+00
0.000000000000000000e+00 4.901960000000000345e-04 -1.000000000000000000e+00
0.000000000000000000e+00 7.843140000000000398e-04 -1.000000000000000000e+00
0.000000000000000000e+00 8.823530000000000002e-04 -1.000000000000000000e+00
0.000000000000000000e+00 6.862749999999999710e-04 -1.000000000000000000e+00
0.000000000000000000e+00 8.823530000000000002e-04 -1.000000000000000000e+00
0.000000000000000000e+00 8.823530000000000002e-04 -1.000000000000000000e+00
