0.000000000000000000e+00 0.000000000000000000e+00 -1.000000000000000000e+00
0.000000000000000000e+00 5.040649999999999818e-03 -1.000000000000000000e+00
0.000000000000000000e+00 4.390240000000000115e-03 -1.000000000000000000e+00
0.000000000000000000e+00 5.121950000000000114e-03 -1.000000000000000000e+00
0.000000000000000000e+00 3.089430000000000214e-03 3.333329999999999800e-03
0.000000000000000000e+00 3.008129999999999919e-03 -1.000000000000000000e+00
0.000000000000000000e+00 3.577240000000000194e-03 3.902440000000000075e-03
0.000000000000000000e+00 3.333329999999999800e-03 -1.000000000000000000e+00
0.000000000000000000e+00 3.902440000000000075e-03 4.552849999999999779e-03
0.000000000000000000e+00 3.902440000000000075e-03 -1.000000000000000000e+00
0.000000000000000000e+00 4.552849999999999779e-03 4.959350000000000390e-03
0.000000000000000000e+00 4.796749999999999799e-03 4.959350000000000390e-03
0.000000000000000000e+00 4.552849999999999779e-03 -1.000000000000000000e+00
0.000000000000000000e+00 5.040649999999999818e-03 -1.000000000000000000e+00
0.000000000000000000e+00 4.959350000000000390e-03 -1.000000000000000000e+00
0.000000000000000000e+00 4.959350000000000390e-03 -1.000000000000000000e+00
