0.000000000000000000e+00 1.078430000000000014e-03 1.568629999999999894e-03
0.000000000000000000e+00 0.000000000000000000e+00 -1.000000000000000000e+00
0.000000000000000000e+00 5.196079999999999623e-03 -1.000000000000000000e+00
0.000000000000000000e+00 2.843140000000000077e-03 3.333329999999999800e-03
0.000000000000000000e+00 2.745099999999999884e-03 -1.000000000000000000e+00
0.000000000000000000e+00 3.529410000000000186e-03 -1.000000000000000000e+00
0.000000000000000000e+00 4.411759999999999814e-03 -1.000000000000000000e+00
0.000000000000000000e+00 4.509799999999999573e-03 -1.000000000000000000e+00
0.000000000000000000e+00 4.705879999999999959e-03 -1.000000000000000000e+00
0.000000000000000000e+00 5.098039999999999863e-03 -1.000000000000000000e+00
0.000000000000000000e+00 4.901960000000000345e-03 -1.000000000000000000e+00
0.000000000000000000e+00 5.196079999999999623e-03 -1.000000000000000000e+00
