0.000000000000000000e+00 0.000000000000000000e+00 -1.000000000000000000e+00
0.000000000000000000e+00 6.622520000000000013e-04 -1.000000000000000000e+00
0.000000000000000000e+00 3.311259999999999898e-03 -1.000000000000000000e+00
0.000000000000000000e+00 4.635760000000000054e-03 -1.000000000000000000e+00
0.000000000000000000e+00 4.635760000000000054e-03 -1.000000000000000000e+00
0.000000000000000000e+00 4.768210000000000157e-03 -1.000000000000000000e+00
0.000000000000000000e+00 5.099339999999999949e-03 -1.000000000000000000e+00
0.000000000000000000e+00 5.033110000000000361e-03 -1.000000000000000000e+00
0.000000000000000000e+00 4.768210000000000157e-03 -1.000000000000000000e+00
0.000000000000000000e+00 4.966889999999999847e-03 -1.000000000000000000e+00
0.000000000000000000e+00 5.099339999999999949e-03 -1.000000000000000000e+00
0.000000000000000000e+00 5.099339999999999949e-03 -1.000000000000000000e+00
