0.000000000000000000e+00 0.000000000000000000e+00 -1.000000000000000000e+00
0.000000000000000000e+00 6.862749999999999710e-04 -1.000000000000000000e+00
0.000000000000000000e+00 2.450980000000000172e-03 -1.000000000000000000e+00
0.000000000000000000e+00 1.764710000000000063e-03 1.862750000000000039e-03
0.000000000000000000e+00 1.470589999999999918e-03 -1.000000000000000000e+00
0.000000000000000000e+00 1.862750000000000039e-03 2.058819999999999834e-03
0.000000000000000000e+00 1.764710000000000063e-03 -1.000000000000000000e+00
0.000000000000000000e+00 1.960780000000000075e-03 -1.000000000000000000e+00
0.000000000000000000e+00 2.352939999999999979e-03 2.450980000000000172e-03
0.000000000000000000e+00 2.254899999999999786e-03 2.450980000000000172e-03
0.000000000000000000e+00 2.254899999999999786e-03 -1.000000000000000000e+00
0.000000000000000000e+00 2.450980000000000172e-03 -1.000000000000000000e+00
0.000000000000000000e+00 2.450980000000000172e-03 -1.000000000000000000e+00
0.000000000000000000e+00 2.450980000000000172e-03 -1.000000000000000000e+00
