0.000000000000000000e+00 4.111110000000000285e-03 4.333329999999999821e-03
0.000000000000000000e+00 0.000000000000000000e+00 -1.000000000000000000e+00
0.000000000000000000e+00 4.555560000000000165e-03 -1.000000000000000000e+00
0.000000000000000000e+00 4.888889999999999902e-03 -1.000000000000000000e+00
0.000000000000000000e+00 2.777780000000000093e-03 -1.000000000000000000e+00
0.000000000000000000e+00 4.888889999999999902e-03 -1.000000000000000000e+00
0.000000000000000000e+00 4.888889999999999902e-03 -1.000000000000000000e+00
0.000000000000000000e+00 4.555560000000000165e-03 -1.000000000000000000e+00
0.000000000000000000e+00 4.777779999999999701e-03 -1.000000000000000000e+00
0.000000000000000000e+00 4.555560000000000165e-03 -1.000000000000000000e+00
0.000000000000000000e+00 4.777779999999999701e-03 -1.000000000000000000e+00
