0.000000000000000000e+00 0.000000000000000000e+00 -1.000000000000000000e+00
0.000000000000000000e+00 1.336029999999999987e-03 -1.000000000000000000e+00
0.000000000000000000e+00 9.311739999999999991e-04 -1.000000000000000000e+00
0.000000000000000000e+00 1.295549999999999913e-03 -1.000000000000000000e+00
0.000000000000000000e+00 1.295549999999999913e-03 -1.000000000000000000e+00
0.000000000000000000e+00 1.295549999999999913e-03 -1.000000000000000000e+00
0.000000000000000000e+00 1.052629999999999929e-03 1.174090000000000029e-03
0.000000000000000000e+00 9.716599999999999500e-04 -1.000000000000000000e+00
0.000000000000000000e+00 1.052629999999999929e-03 -1.000000000000000000e+00
0.000000000000000000e+00 1.255059999999999900e-03 -1.000000000000000000e+00
0.000000000000000000e+00 1.255059999999999900e-03 -1.000000000000000000e+00
0.000000000000000000e+00 1.336029999999999987e-03 -1.000000000000000000e+00
0.000000000000000000e+00 1.295549999999999913e-03 -1.000000000000000000e+00
0.000000000000000000e+00 1.336029999999999987e-03 -1.000000000000000000e+00
