0.000000000000000000e+00 1.012150000000000072e-03 -1.000000000000000000e+00
0.000000000000000000e+00 0.000000000000000000e+00 -1.000000000000000000e+00
0.000000000000000000e+00 1.093119999999999942e-03 -1.000000000000000000e+00
0.000000000000000000e+00 7.287450000000000438e-04 8.097170000000000539e-04
0.000000000000000000e+00 1.093119999999999942e-03 -1.000000000000000000e+00
0.000000000000000000e+00 6.072869999999999744e-04 -1.000000000000000000e+00
0.000000000000000000e+00 8.502019999999999890e-04 -1.000000000000000000e+00
0.000000000000000000e+00 9.311739999999999991e-04 -1.000000000000000000e+00
0.000000000000000000e+00 1.093119999999999942e-03 -1.000000000000000000e+00
0.000000000000000000e+00 1.133600000000000016e-03 -1.000000000000000000e+00
0.000000000000000000e+00 1.133600000000000016e-03 -1.000000000000000000e+00
