0.000000000000000000e+00 0.000000000000000000e+00 -1.000000000000000000e+00
0.000000000000000000e+00 2.195120000000000057e-03 -1.000000000000000000e+00
0.000000000000000000e+00 1.788620000000000097e-03 -1.000000000000000000e+00
0.000000000000000000e+00 1.463410000000000058e-03 1.626019999999999939e-03
0.000000000000000000e+00 1.382109999999999979e-03 -1.000000000000000000e+00
0.000000000000000000e+00 1.707320000000000018e-03 1.788620000000000097e-03
0.000000000000000000e+00 1.626019999999999939e-03 -1.000000000000000000e+00
0.000000000000000000e+00 1.951220000000000038e-03 -1.000000000000000000e+00
0.000000000000000000e+00 2.195120000000000057e-03 2.276419999999999919e-03
0.000000000000000000e+00 2.195120000000000057e-03 -1.000000000000000000e+00
0.000000000000000000e+00 2.357720000000000215e-03 2.520329999999999879e-03
0.000000000000000000e+00 2.357720000000000215e-03 2.520329999999999879e-03
0.000000000000000000e+00 2.357720000000000215e-03 2.520329999999999879e-03
0.000000000000000000e+00 2.276419999999999919e-03 -1.000000000000000000e+00
0.000000000000000000e+00 2.520329999999999879e-03 -1.000000000000000000e+00
0.000000000000000000e+00 2.520329999999999879e-03 -1.000000000000000000e+00
0.000000000000000000e+00 2.520329999999999879e-03 -1.000000000000000000e+00
0.000000000000000000e+00 2.520329999999999879e-03 -1.000000000000000000e+00
0.000000000000000000e+00 2.520329999999999879e-03 -1.000000000000000000e+00
0.000000000000000000e+00 2.520329999999999879e-03 -1.000000000000000000e+00
