0.000000000000000000e+00 3.424659999999999835e-05 2.397260000000000016e-04
0.000000000000000000e+00 3.082189999999999843e-04 4.452050000000000039e-04
0.000000000000000000e+00 0.000000000000000000e+00 -1.000000000000000000e+00
0.000000000000000000e+00 8.219180000000000409e-04 -1.000000000000000000e+00
0.000000000000000000e+00 3.082189999999999843e-04 -1.000000000000000000e+00
0.000000000000000000e+00 6.506850000000000220e-04 6.849319999999999671e-04
0.000000000000000000e+00 5.136989999999999482e-04 -1.000000000000000000e+00
0.000000000000000000e+00 6.849319999999999671e-04 -1.000000000000000000e+00
0.000000000000000000e+00 7.534249999999999498e-04 -1.000000000000000000e+00
0.000000000000000000e+00 8.219180000000000409e-04 -1.000000000000000000e+00
0.000000000000000000e+00 8.219180000000000409e-04 -1.000000000000000000e+00
