0.000000000000000000e+00 1.619430000000000045e-04 3.643720000000000140e-04
0.000000000000000000e+00 0.000000000000000000e+00 -1.000000000000000000e+00
0.000000000000000000e+00 2.429149999999999875e-04 -1.000000000000000000e+00
0.000000000000000000e+00 9.311739999999999991e-04 -1.000000000000000000e+00
0.000000000000000000e+00 7.287450000000000438e-04 -1.000000000000000000e+00
0.000000000000000000e+00 6.072869999999999744e-04 -1.000000000000000000e+00
0.000000000000000000e+00 8.906880000000000483e-04 -1.000000000000000000e+00
0.000000000000000000e+00 7.287450000000000438e-04 -1.000000000000000000e+00
0.000000000000000000e+00 8.906880000000000483e-04 -1.000000000000000000e+00
0.000000000000000000e+00 9.311739999999999991e-04 -1.000000000000000000e+00
