0.000000000000000000e+00 2.392640000000000131e-03 -1.000000000000000000e+00
0.000000000000000000e+00 2.413090000000000113e-03 -1.000000000000000000e+00
0.000000000000000000e+00 0.000000000000000000e+00 -1.000000000000000000e+00
0.000000000000000000e+00 2.678939999999999880e-03 -1.000000000000000000e+00
0.000000000000000000e+00 2.617589999999999934e-03 -1.000000000000000000e+00
0.000000000000000000e+00 2.740289999999999827e-03 -1.000000000000000000e+00
0.000000000000000000e+00 2.638039999999999916e-03 -1.000000000000000000e+00
0.000000000000000000e+00 2.658489999999999898e-03 -1.000000000000000000e+00
0.000000000000000000e+00 2.658489999999999898e-03 -1.000000000000000000e+00
0.000000000000000000e+00 2.719839999999999845e-03 -1.000000000000000000e+00
0.000000000000000000e+00 2.781189999999999791e-03 -1.000000000000000000e+00
