0.000000000000000000e+00 0.000000000000000000e+00 -1.000000000000000000e+00
0.000000000000000000e+00 9.117649999999999713e-03 -1.000000000000000000e+00
0.000000000000000000e+00 3.921570000000000199e-04 -1.000000000000000000e+00
0.000000000000000000e+00 1.372549999999999942e-03 -1.000000000000000000e+00
0.000000000000000000e+00 8.529409999999999423e-03 -1.000000000000000000e+00
0.000000000000000000e+00 8.529409999999999423e-03 -1.000000000000000000e+00
0.000000000000000000e+00 9.117649999999999713e-03 9.215690000000000340e-03
0.000000000000000000e+00 9.019610000000000821e-03 -1.000000000000000000e+00
0.000000000000000000e+00 9.411759999999999918e-03 -1.000000000000000000e+00
0.000000000000000000e+00 9.313729999999999232e-03 -1.000000000000000000e+00
0.000000000000000000e+00 9.215690000000000340e-03 -1.000000000000000000e+00
0.000000000000000000e+00 9.411759999999999918e-03 -1.000000000000000000e+00
