0.000000000000000000e+00 0.000000000000000000e+00 -1.000000000000000000e+00
0.000000000000000000e+00 6.504069999999999817e-04 -1.000000000000000000e+00
0.000000000000000000e+00 1.382109999999999979e-03 -1.000000000000000000e+00
0.000000000000000000e+00 1.300809999999999900e-03 -1.000000000000000000e+00
0.000000000000000000e+00 4.065040000000000233e-04 -1.000000000000000000e+00
0.000000000000000000e+00 5.691059999999999956e-04 -1.000000000000000000e+00
0.000000000000000000e+00 9.756100000000000189e-04 -1.000000000000000000e+00
0.000000000000000000e+00 1.138209999999999960e-03 -1.000000000000000000e+00
0.000000000000000000e+00 1.138209999999999960e-03 -1.000000000000000000e+00
0.000000000000000000e+00 1.138209999999999960e-03 -1.000000000000000000e+00
0.000000000000000000e+00 1.219510000000000038e-03 -1.000000000000000000e+00
0.000000000000000000e+00 1.300809999999999900e-03 -1.000000000000000000e+00
0.000000000000000000e+00 1.382109999999999979e-03 -1.000000000000000000e+00
0.000000000000000000e+00 1.382109999999999979e-03 -1.000000000000000000e+00
