0.000000000000000000e+00 5.789470000000000120e-04 8.947370000000000496e-04
0.000000000000000000e+00 0.000000000000000000e+00 -1.000000000000000000e+00
0.000000000000000000e+00 1.947369999999999917e-03 -1.000000000000000000e+00
0.000000000000000000e+00 1.736839999999999912e-03 -1.000000000000000000e+00
0.000000000000000000e+00 1.947369999999999917e-03 -1.000000000000000000e+00
0.000000000000000000e+00 1.947369999999999917e-03 -1.000000000000000000e+00
0.000000000000000000e+00 1.421050000000000091e-03 1.578949999999999972e-03
0.000000000000000000e+00 1.526320000000000064e-03 1.578949999999999972e-03
0.000000000000000000e+00 1.105260000000000053e-03 -1.000000000000000000e+00
0.000000000000000000e+00 1.578949999999999972e-03 -1.000000000000000000e+00
0.000000000000000000e+00 1.578949999999999972e-03 1.631580000000000096e-03
0.000000000000000000e+00 1.578949999999999972e-03 1.684210000000000004e-03
0.000000000000000000e+00 1.578949999999999972e-03 -1.000000000000000000e+00
0.000000000000000000e+00 1.684210000000000004e-03 1.789470000000000036e-03
0.000000000000000000e+00 1.684210000000000004e-03 -1.000000000000000000e+00
0.000000000000000000e+00 1.894740000000000009e-03 -1.000000000000000000e+00
0.000000000000000000e+00 1.736839999999999912e-03 -1.000000000000000000e+00
0.000000000000000000e+00 1.947369999999999917e-03 -1.000000000000000000e+00
0.000000000000000000e+00 1.789470000000000036e-03 -1.000000000000000000e+00
0.000000000000000000e+00 1.947369999999999917e-03 -1.000000000000000000e+00
0.000000000000000000e+00 1.789470000000000036e-03 -1.000000000000000000e+00
0.000000000000000000e+00 1.842110000000000102e-03 -1.000000000000000000e+00
