0.000000000000000000e+00 1.052629999999999929e-03 1.263159999999999934e-03
0.000000000000000000e+00 6.315789999999999512e-04 -1.000000000000000000e+00
0.000000000000000000e+00 0.000000000000000000e+00 -1.000000000000000000e+00
0.000000000000000000e+00 1.368419999999999966e-03 -1.000000000000000000e+00
0.000000000000000000e+00 1.578949999999999972e-03 -1.000000000000000000e+00
0.000000000000000000e+00 1.368419999999999966e-03 1.578949999999999972e-03
0.000000000000000000e+00 1.473679999999999999e-03 1.578949999999999972e-03
0.000000000000000000e+00 8.947370000000000496e-04 -1.000000000000000000e+00
0.000000000000000000e+00 1.578949999999999972e-03 -1.000000000000000000e+00
0.000000000000000000e+00 1.578949999999999972e-03 -1.000000000000000000e+00
0.000000000000000000e+00 1.578949999999999972e-03 -1.000000000000000000e+00
0.000000000000000000e+00 1.684210000000000004e-03 -1.000000000000000000e+00
0.000000000000000000e+00 1.578949999999999972e-03 -1.000000000000000000e+00
0.000000000000000000e+00 1.631580000000000096e-03 -1.000000000000000000e+00
