0.000000000000000000e+00 2.834010000000000196e-04 3.238870000000000247e-04
0.000000000000000000e+00 0.000000000000000000e+00 -1.000000000000000000e+00
0.000000000000000000e+00 8.906880000000000483e-04 -1.000000000000000000e+00
0.000000000000000000e+00 8.906880000000000483e-04 -1.000000000000000000e+00
0.000000000000000000e+00 2.834010000000000196e-04 -1.000000000000000000e+00
0.000000000000000000e+00 8.502019999999999890e-04 -1.000000000000000000e+00
0.000000000000000000e+00 4.858299999999999750e-04 6.072869999999999744e-04
0.000000000000000000e+00 5.668020000000000393e-04 6.072869999999999744e-04
0.000000000000000000e+00 4.858299999999999750e-04 -1.000000000000000000e+00
0.000000000000000000e+00 6.072869999999999744e-04 -1.000000000000000000e+00
0.000000000000000000e+00 7.287450000000000438e-04 8.097170000000000539e-04
0.000000000000000000e+00 8.097170000000000539e-04 -1.000000000000000000e+00
0.000000000000000000e+00 6.882589999999999845e-04 -1.000000000000000000e+00
0.000000000000000000e+00 8.097170000000000539e-04 8.906880000000000483e-04
0.000000000000000000e+00 8.097170000000000539e-04 -1.000000000000000000e+00
0.000000000000000000e+00 8.097170000000000539e-04 -1.000000000000000000e+00
0.000000000000000000e+00 8.097170000000000539e-04 -1.000000000000000000e+00
0.000000000000000000e+00 8.906880000000000483e-04 -1.000000000000000000e+00
0.000000000000000000e+00 8.097170000000000539e-04 -1.000000000000000000e+00
0.000000000000000000e+00 8.906880000000000483e-04 -1.000000000000000000e+00
