0.000000000000000000e+00 1.210530000000000026e-03 1.526320000000000064e-03
0.000000000000000000e+00 0.000000000000000000e+00 -1.000000000000000000e+00
0.000000000000000000e+00 2.631579999999999900e-04 -1.000000000000000000e+00
0.000000000000000000e+00 2.315789999999999862e-03 -1.000000000000000000e+00
0.000000000000000000e+00 2.526319999999999868e-03 -1.000000000000000000e+00
0.000000000000000000e+00 2.684209999999999808e-03 -1.000000000000000000e+00
0.000000000000000000e+00 2.315789999999999862e-03 2.421050000000000112e-03
0.000000000000000000e+00 1.631580000000000096e-03 -1.000000000000000000e+00
0.000000000000000000e+00 2.526319999999999868e-03 -1.000000000000000000e+00
0.000000000000000000e+00 2.631580000000000117e-03 -1.000000000000000000e+00
0.000000000000000000e+00 2.631580000000000117e-03 -1.000000000000000000e+00
0.000000000000000000e+00 2.421050000000000112e-03 -1.000000000000000000e+00
0.000000000000000000e+00 2.631580000000000117e-03 -1.000000000000000000e+00
0.000000000000000000e+00 2.684209999999999808e-03 -1.000000000000000000e+00
0.000000000000000000e+00 2.578949999999999992e-03 -1.000000000000000000e+00
0.000000000000000000e+00 2.684209999999999808e-03 -1.000000000000000000e+00
