0.000000000000000000e+00 0.000000000000000000e+00 -1.000000000000000000e+00
0.000000000000000000e+00 1.788620000000000097e-03 -1.000000000000000000e+00
0.000000000000000000e+00 1.788620000000000097e-03 -1.000000000000000000e+00
0.000000000000000000e+00 1.707320000000000018e-03 -1.000000000000000000e+00
0.000000000000000000e+00 1.544720000000000077e-03 1.626019999999999939e-03
0.000000000000000000e+00 1.544720000000000077e-03 -1.000000000000000000e+00
0.000000000000000000e+00 1.788620000000000097e-03 -1.000000000000000000e+00
0.000000000000000000e+00 1.788620000000000097e-03 -1.000000000000000000e+00
0.000000000000000000e+00 1.707320000000000018e-03 -1.000000000000000000e+00
0.000000000000000000e+00 1.626019999999999939e-03 -1.000000000000000000e+00
