0.000000000000000000e+00 0.000000000000000000e+00 -1.000000000000000000e+00
0.000000000000000000e+00 1.267120000000000052e-03 -1.000000000000000000e+00
0.000000000000000000e+00 1.643839999999999928e-03 -1.000000000000000000e+00
0.000000000000000000e+00 1.712329999999999972e-03 -1.000000000000000000e+00
0.000000000000000000e+00 5.821920000000000393e-04 -1.000000000000000000e+00
0.000000000000000000e+00 1.164380000000000016e-03 -1.000000000000000000e+00
0.000000000000000000e+00 1.506849999999999900e-03 1.746579999999999964e-03
0.000000000000000000e+00 1.472599999999999907e-03 -1.000000000000000000e+00
0.000000000000000000e+00 1.746579999999999964e-03 -1.000000000000000000e+00
0.000000000000000000e+00 1.746579999999999964e-03 -1.000000000000000000e+00
