0.000000000000000000e+00 0.000000000000000000e+00 -1.000000000000000000e+00
0.000000000000000000e+00 1.794870000000000059e-03 -1.000000000000000000e+00
0.000000000000000000e+00 2.051279999999999944e-03 -1.000000000000000000e+00
0.000000000000000000e+00 1.282050000000000073e-03 -1.000000000000000000e+00
0.000000000000000000e+00 1.794870000000000059e-03 -1.000000000000000000e+00
0.000000000000000000e+00 1.794870000000000059e-03 -1.000000000000000000e+00
0.000000000000000000e+00 2.051279999999999944e-03 -1.000000000000000000e+00
0.000000000000000000e+00 1.794870000000000059e-03 -1.000000000000000000e+00
0.000000000000000000e+00 2.051279999999999944e-03 -1.000000000000000000e+00
0.000000000000000000e+00 2.564099999999999930e-04 -1.000000000000000000e+00
0.000000000000000000e+00 1.794870000000000059e-03 -1.000000000000000000e+00
0.000000000000000000e+00 1.282050000000000073e-03 -1.000000000000000000e+00
0.000000000000000000e+00 1.794870000000000059e-03 -1.000000000000000000e+00
0.000000000000000000e+00 2.051279999999999944e-03 -1.000000000000000000e+00
0.000000000000000000e+00 2.051279999999999944e-03 -1.000000000000000000e+00
0.000000000000000000e+00 2.051279999999999944e-03 -1.000000000000000000e+00
