0.000000000000000000e+00 1.164380000000000016e-03 1.198630000000000008e-03
0.000000000000000000e+00 1.130139999999999964e-03 1.335620000000000036e-03
0.000000000000000000e+00 9.931510000000000598e-04 -1.000000000000000000e+00
0.000000000000000000e+00 1.917810000000000044e-03 -1.000000000000000000e+00
0.000000000000000000e+00 0.000000000000000000e+00 -1.000000000000000000e+00
0.000000000000000000e+00 1.917810000000000044e-03 -1.000000000000000000e+00
0.000000000000000000e+00 1.472599999999999907e-03 1.506849999999999900e-03
0.000000000000000000e+00 1.369860000000000088e-03 1.541099999999999892e-03
0.000000000000000000e+00 1.643839999999999928e-03 1.952050000000000096e-03
0.000000000000000000e+00 1.369860000000000088e-03 -1.000000000000000000e+00
0.000000000000000000e+00 1.643839999999999928e-03 1.678079999999999980e-03
0.000000000000000000e+00 1.609589999999999936e-03 -1.000000000000000000e+00
0.000000000000000000e+00 1.952050000000000096e-03 -1.000000000000000000e+00
0.000000000000000000e+00 1.712329999999999972e-03 1.780820000000000016e-03
0.000000000000000000e+00 1.678079999999999980e-03 -1.000000000000000000e+00
0.000000000000000000e+00 1.849320000000000000e-03 -1.000000000000000000e+00
0.000000000000000000e+00 1.952050000000000096e-03 -1.000000000000000000e+00
0.000000000000000000e+00 1.952050000000000096e-03 -1.000000000000000000e+00
