0.000000000000000000e+00 0.000000000000000000e+00 -1.000000000000000000e+00
0.000000000000000000e+00 1.487179999999999926e-02 -1.000000000000000000e+00
0.000000000000000000e+00 1.487179999999999926e-02 -1.000000000000000000e+00
0.000000000000000000e+00 1.487179999999999926e-02 -1.000000000000000000e+00
0.000000000000000000e+00 1.435900000000000024e-02 -1.000000000000000000e+00
0.000000000000000000e+00 1.487179999999999926e-02 -1.000000000000000000e+00
0.000000000000000000e+00 1.461540000000000061e-02 -1.000000000000000000e+00
0.000000000000000000e+00 1.102559999999999998e-02 -1.000000000000000000e+00
0.000000000000000000e+00 1.384619999999999948e-02 -1.000000000000000000e+00
0.000000000000000000e+00 1.410259999999999986e-02 -1.000000000000000000e+00
0.000000000000000000e+00 1.487179999999999926e-02 -1.000000000000000000e+00
