0.000000000000000000e+00 2.054790000000000024e-04 3.082189999999999843e-04
0.000000000000000000e+00 0.000000000000000000e+00 -1.000000000000000000e+00
0.000000000000000000e+00 1.198630000000000008e-03 -1.000000000000000000e+00
0.000000000000000000e+00 1.164380000000000016e-03 -1.000000000000000000e+00
0.000000000000000000e+00 1.198630000000000008e-03 -1.000000000000000000e+00
0.000000000000000000e+00 1.027399999999999928e-03 -1.000000000000000000e+00
0.000000000000000000e+00 1.198630000000000008e-03 -1.000000000000000000e+00
0.000000000000000000e+00 4.109590000000000205e-04 -1.000000000000000000e+00
0.000000000000000000e+00 6.849319999999999671e-04 -1.000000000000000000e+00
0.000000000000000000e+00 1.027399999999999928e-03 -1.000000000000000000e+00
