0.000000000000000000e+00 1.000000000000000021e-03 1.133330000000000101e-03
0.000000000000000000e+00 0.000000000000000000e+00 -1.000000000000000000e+00
0.000000000000000000e+00 4.000000000000000083e-03 -1.000000000000000000e+00
0.000000000000000000e+00 3.866670000000000003e-03 -1.000000000000000000e+00
0.000000000000000000e+00 3.933329999999999639e-03 -1.000000000000000000e+00
0.000000000000000000e+00 4.000000000000000083e-03 -1.000000000000000000e+00
0.000000000000000000e+00 3.666669999999999912e-03 -1.000000000000000000e+00
0.000000000000000000e+00 4.000000000000000083e-03 -1.000000000000000000e+00
0.000000000000000000e+00 2.266670000000000143e-03 -1.000000000000000000e+00
0.000000000000000000e+00 2.666669999999999891e-03 -1.000000000000000000e+00
0.000000000000000000e+00 2.799999999999999972e-03 -1.000000000000000000e+00
0.000000000000000000e+00 3.599999999999999901e-03 -1.000000000000000000e+00
0.000000000000000000e+00 3.933329999999999639e-03 -1.000000000000000000e+00
