0.000000000000000000e+00 5.555560000000000186e-04 1.333329999999999975e-03
0.000000000000000000e+00 0.000000000000000000e+00 -1.000000000000000000e+00
0.000000000000000000e+00 2.888889999999999861e-03 -1.000000000000000000e+00
0.000000000000000000e+00 3.666669999999999912e-03 -1.000000000000000000e+00
0.000000000000000000e+00 1.111110000000000006e-04 -1.000000000000000000e+00
0.000000000000000000e+00 3.333329999999999800e-03 -1.000000000000000000e+00
0.000000000000000000e+00 3.666669999999999912e-03 -1.000000000000000000e+00
0.000000000000000000e+00 2.222220000000000011e-03 2.777780000000000093e-03
0.000000000000000000e+00 3.000000000000000062e-03 -1.000000000000000000e+00
0.000000000000000000e+00 1.666670000000000087e-03 -1.000000000000000000e+00
0.000000000000000000e+00 3.666669999999999912e-03 -1.000000000000000000e+00
0.000000000000000000e+00 3.333329999999999800e-03 -1.000000000000000000e+00
0.000000000000000000e+00 3.777780000000000114e-03 -1.000000000000000000e+00
0.000000000000000000e+00 3.555560000000000144e-03 -1.000000000000000000e+00
