0.000000000000000000e+00 4.687499999999999827e-04 7.812500000000000434e-04
0.000000000000000000e+00 0.000000000000000000e+00 -1.000000000000000000e+00
0.000000000000000000e+00 3.125000000000000065e-04 -1.000000000000000000e+00
0.000000000000000000e+00 2.968750000000000035e-03 -1.000000000000000000e+00
0.000000000000000000e+00 6.250000000000000130e-04 -1.000000000000000000e+00
0.000000000000000000e+00 1.406249999999999948e-03 2.187500000000000208e-03
0.000000000000000000e+00 9.374999999999999653e-04 -1.000000000000000000e+00
0.000000000000000000e+00 2.031250000000000069e-03 -1.000000000000000000e+00
0.000000000000000000e+00 2.500000000000000052e-03 -1.000000000000000000e+00
0.000000000000000000e+00 3.125000000000000173e-03 -1.000000000000000000e+00
0.000000000000000000e+00 3.125000000000000173e-03 -1.000000000000000000e+00
