0.000000000000000000e+00 3.424659999999999835e-05 5.136989999999999482e-04
0.000000000000000000e+00 1.061639999999999980e-03 -1.000000000000000000e+00
0.000000000000000000e+00 1.232880000000000000e-03 -1.000000000000000000e+00
0.000000000000000000e+00 8.219180000000000409e-04 -1.000000000000000000e+00
0.000000000000000000e+00 1.164380000000000016e-03 -1.000000000000000000e+00
0.000000000000000000e+00 8.219180000000000409e-04 -1.000000000000000000e+00
0.000000000000000000e+00 0.000000000000000000e+00 -1.000000000000000000e+00
0.000000000000000000e+00 1.130139999999999964e-03 -1.000000000000000000e+00
0.000000000000000000e+00 1.335620000000000036e-03 -1.000000000000000000e+00
0.000000000000000000e+00 2.397260000000000016e-04 -1.000000000000000000e+00
0.000000000000000000e+00 1.335620000000000036e-03 -1.000000000000000000e+00
0.000000000000000000e+00 8.219180000000000409e-04 -1.000000000000000000e+00
0.000000000000000000e+00 1.061639999999999980e-03 -1.000000000000000000e+00
0.000000000000000000e+00 1.164380000000000016e-03 -1.000000000000000000e+00
