0.000000000000000000e+00 6.072869999999999744e-04 -1.000000000000000000e+00
0.000000000000000000e+00 0.000000000000000000e+00 -1.000000000000000000e+00
0.000000000000000000e+00 6.882589999999999845e-04 -1.000000000000000000e+00
0.000000000000000000e+00 1.214569999999999994e-04 -1.000000000000000000e+00
0.000000000000000000e+00 6.882589999999999845e-04 -1.000000000000000000e+00
0.000000000000000000e+00 6.477730000000000337e-04 -1.000000000000000000e+00
0.000000000000000000e+00 6.477730000000000337e-04 -1.000000000000000000e+00
0.000000000000000000e+00 4.453440000000000241e-04 -1.000000000000000000e+00
0.000000000000000000e+00 6.882589999999999845e-04 -1.000000000000000000e+00
0.000000000000000000e+00 5.263159999999999800e-04 -1.000000000000000000e+00
0.000000000000000000e+00 6.882589999999999845e-04 -1.000000000000000000e+00
