0.000000000000000000e+00 1.333329999999999921e-04 3.333330000000000017e-04
0.000000000000000000e+00 7.333329999999999666e-04 8.000000000000000383e-04
0.000000000000000000e+00 0.000000000000000000e+00 -1.000000000000000000e+00
0.000000000000000000e+00 8.666670000000000016e-04 -1.000000000000000000e+00
0.000000000000000000e+00 8.666670000000000016e-04 -1.000000000000000000e+00
0.000000000000000000e+00 5.999999999999999474e-04 8.000000000000000383e-04
0.000000000000000000e+00 4.000000000000000192e-04 -1.000000000000000000e+00
0.000000000000000000e+00 8.000000000000000383e-04 -1.000000000000000000e+00
0.000000000000000000e+00 8.000000000000000383e-04 -1.000000000000000000e+00
0.000000000000000000e+00 8.666670000000000016e-04 -1.000000000000000000e+00
