0.000000000000000000e+00 1.960780000000000021e-04 4.901960000000000345e-04
0.000000000000000000e+00 0.000000000000000000e+00 6.862749999999999710e-04
0.000000000000000000e+00 0.000000000000000000e+00 -1.000000000000000000e+00
0.000000000000000000e+00 3.921570000000000199e-04 -1.000000000000000000e+00
0.000000000000000000e+00 1.470589999999999918e-03 -1.000000000000000000e+00
0.000000000000000000e+00 5.882349999999999949e-04 8.823530000000000002e-04
0.000000000000000000e+00 5.882349999999999949e-04 -1.000000000000000000e+00
0.000000000000000000e+00 9.803920000000000690e-04 1.078430000000000014e-03
0.000000000000000000e+00 9.803920000000000690e-04 1.078430000000000014e-03
0.000000000000000000e+00 8.823530000000000002e-04 -1.000000000000000000e+00
0.000000000000000000e+00 1.274509999999999966e-03 -1.000000000000000000e+00
0.000000000000000000e+00 1.274509999999999966e-03 -1.000000000000000000e+00
0.000000000000000000e+00 1.470589999999999918e-03 -1.000000000000000000e+00
0.000000000000000000e+00 1.470589999999999918e-03 -1.000000000000000000e+00
