0.000000000000000000e+00 1.433689999999999889e-04 2.508960000000000183e-04
0.000000000000000000e+00 0.000000000000000000e+00 -1.000000000000000000e+00
0.000000000000000000e+00 1.792110000000000025e-04 -1.000000000000000000e+00
0.000000000000000000e+00 6.093189999999999848e-04 -1.000000000000000000e+00
0.000000000000000000e+00 7.526879999999999465e-04 -1.000000000000000000e+00
0.000000000000000000e+00 7.885299999999999601e-04 -1.000000000000000000e+00
0.000000000000000000e+00 4.659500000000000230e-04 5.376340000000000502e-04
0.000000000000000000e+00 7.526879999999999465e-04 -1.000000000000000000e+00
0.000000000000000000e+00 2.867379999999999777e-04 -1.000000000000000000e+00
0.000000000000000000e+00 5.734769999999999712e-04 -1.000000000000000000e+00
0.000000000000000000e+00 6.451609999999999984e-04 -1.000000000000000000e+00
