0.000000000000000000e+00 1.626019999999999994e-04 8.943090000000000327e-04
0.000000000000000000e+00 0.000000000000000000e+00 -1.000000000000000000e+00
0.000000000000000000e+00 1.869919999999999959e-03 -1.000000000000000000e+00
0.000000000000000000e+00 8.943090000000000327e-04 -1.000000000000000000e+00
0.000000000000000000e+00 2.113820000000000195e-03 -1.000000000000000000e+00
0.000000000000000000e+00 8.943090000000000327e-04 -1.000000000000000000e+00
0.000000000000000000e+00 1.219510000000000038e-03 -1.000000000000000000e+00
0.000000000000000000e+00 1.951220000000000038e-03 2.113820000000000195e-03
0.000000000000000000e+00 2.032519999999999900e-03 2.113820000000000195e-03
0.000000000000000000e+00 1.544720000000000077e-03 -1.000000000000000000e+00
0.000000000000000000e+00 2.113820000000000195e-03 -1.000000000000000000e+00
0.000000000000000000e+00 2.113820000000000195e-03 -1.000000000000000000e+00
0.000000000000000000e+00 2.113820000000000195e-03 -1.000000000000000000e+00
