0.000000000000000000e+00 1.078430000000000014e-03 1.176469999999999990e-03
0.000000000000000000e+00 0.000000000000000000e+00 -1.000000000000000000e+00
0.000000000000000000e+00 3.725490000000000138e-03 -1.000000000000000000e+00
0.000000000000000000e+00 1.960780000000000075e-03 2.745099999999999884e-03
0.000000000000000000e+00 1.666670000000000087e-03 -1.000000000000000000e+00
0.000000000000000000e+00 2.647060000000000125e-03 3.039220000000000029e-03
0.000000000000000000e+00 1.862750000000000039e-03 -1.000000000000000000e+00
0.000000000000000000e+00 2.941179999999999836e-03 -1.000000000000000000e+00
0.000000000000000000e+00 3.431369999999999993e-03 -1.000000000000000000e+00
0.000000000000000000e+00 3.627449999999999945e-03 -1.000000000000000000e+00
0.000000000000000000e+00 3.725490000000000138e-03 -1.000000000000000000e+00
0.000000000000000000e+00 3.725490000000000138e-03 -1.000000000000000000e+00
