0.000000000000000000e+00 2.105259999999999966e-04 2.631579999999999900e-04
0.000000000000000000e+00 1.368419999999999966e-03 1.842110000000000102e-03
0.000000000000000000e+00 0.000000000000000000e+00 -1.000000000000000000e+00
0.000000000000000000e+00 2.000000000000000042e-03 -1.000000000000000000e+00
0.000000000000000000e+00 2.368419999999999987e-03 -1.000000000000000000e+00
0.000000000000000000e+00 1.894740000000000009e-03 2.052630000000000166e-03
0.000000000000000000e+00 8.421050000000000020e-04 -1.000000000000000000e+00
0.000000000000000000e+00 2.157889999999999982e-03 2.368419999999999987e-03
0.000000000000000000e+00 2.105259999999999857e-03 2.368419999999999987e-03
0.000000000000000000e+00 2.052630000000000166e-03 -1.000000000000000000e+00
0.000000000000000000e+00 2.368419999999999987e-03 -1.000000000000000000e+00
0.000000000000000000e+00 2.368419999999999987e-03 -1.000000000000000000e+00
0.000000000000000000e+00 2.368419999999999987e-03 -1.000000000000000000e+00
