0.000000000000000000e+00 0.000000000000000000e+00 -1.000000000000000000e+00
0.000000000000000000e+00 1.626019999999999939e-03 -1.000000000000000000e+00
0.000000000000000000e+00 8.130080000000000466e-04 -1.000000000000000000e+00
0.000000000000000000e+00 1.056910000000000098e-03 -1.000000000000000000e+00
0.000000000000000000e+00 1.382109999999999979e-03 -1.000000000000000000e+00
0.000000000000000000e+00 1.463410000000000058e-03 -1.000000000000000000e+00
0.000000000000000000e+00 1.626019999999999939e-03 -1.000000000000000000e+00
0.000000000000000000e+00 1.626019999999999939e-03 -1.000000000000000000e+00
0.000000000000000000e+00 1.626019999999999939e-03 -1.000000000000000000e+00
0.000000000000000000e+00 1.626019999999999939e-03 -1.000000000000000000e+00
