0.000000000000000000e+00 3.246230000000000122e-04 4.057779999999999764e-04
0.000000000000000000e+00 3.246230000000000122e-04 4.869340000000000105e-04
0.000000000000000000e+00 0.000000000000000000e+00 -1.000000000000000000e+00
0.000000000000000000e+00 1.460799999999999946e-03 -1.000000000000000000e+00
0.000000000000000000e+00 7.304009999999999886e-04 -1.000000000000000000e+00
0.000000000000000000e+00 8.927120000000000411e-04 -1.000000000000000000e+00
0.000000000000000000e+00 7.304009999999999886e-04 8.115569999999999685e-04
0.000000000000000000e+00 4.057779999999999764e-04 -1.000000000000000000e+00
0.000000000000000000e+00 1.541959999999999989e-03 -1.000000000000000000e+00
0.000000000000000000e+00 1.541959999999999989e-03 -1.000000000000000000e+00
0.000000000000000000e+00 9.738680000000000210e-04 -1.000000000000000000e+00
0.000000000000000000e+00 1.460799999999999946e-03 1.541959999999999989e-03
0.000000000000000000e+00 1.055020000000000046e-03 -1.000000000000000000e+00
0.000000000000000000e+00 1.541959999999999989e-03 -1.000000000000000000e+00
0.000000000000000000e+00 1.541959999999999989e-03 -1.000000000000000000e+00
