0.000000000000000000e+00 3.000000000000000062e-03 3.157890000000000003e-03
0.000000000000000000e+00 0.000000000000000000e+00 -1.000000000000000000e+00
0.000000000000000000e+00 2.789470000000000057e-03 -1.000000000000000000e+00
0.000000000000000000e+00 3.578950000000000013e-03 -1.000000000000000000e+00
0.000000000000000000e+00 2.157889999999999982e-03 -1.000000000000000000e+00
0.000000000000000000e+00 3.684209999999999829e-03 -1.000000000000000000e+00
0.000000000000000000e+00 3.315789999999999883e-03 -1.000000000000000000e+00
0.000000000000000000e+00 3.684209999999999829e-03 -1.000000000000000000e+00
0.000000000000000000e+00 3.736839999999999953e-03 -1.000000000000000000e+00
0.000000000000000000e+00 3.526319999999999889e-03 -1.000000000000000000e+00
0.000000000000000000e+00 3.736839999999999953e-03 -1.000000000000000000e+00
0.000000000000000000e+00 3.631580000000000138e-03 -1.000000000000000000e+00
0.000000000000000000e+00 3.736839999999999953e-03 -1.000000000000000000e+00
0.000000000000000000e+00 3.684209999999999829e-03 -1.000000000000000000e+00
