0.000000000000000000e+00 0.000000000000000000e+00 -1.000000000000000000e+00
0.000000000000000000e+00 5.465590000000000205e-03 -1.000000000000000000e+00
0.000000000000000000e+00 4.372469999999999829e-03 -1.000000000000000000e+00
0.000000000000000000e+00 5.465590000000000205e-03 -1.000000000000000000e+00
0.000000000000000000e+00 5.506070000000000061e-03 -1.000000000000000000e+00
0.000000000000000000e+00 4.736839999999999974e-03 -1.000000000000000000e+00
0.000000000000000000e+00 3.198379999999999800e-03 -1.000000000000000000e+00
0.000000000000000000e+00 4.777329999999999771e-03 -1.000000000000000000e+00
0.000000000000000000e+00 4.574899999999999800e-03 -1.000000000000000000e+00
0.000000000000000000e+00 5.303640000000000090e-03 -1.000000000000000000e+00
0.000000000000000000e+00 5.506070000000000061e-03 -1.000000000000000000e+00
