0.000000000000000000e+00 1.349689999999999961e-03 1.370139999999999943e-03
0.000000000000000000e+00 5.316970000000000290e-04 -1.000000000000000000e+00
0.000000000000000000e+00 0.000000000000000000e+00 -1.000000000000000000e+00
0.000000000000000000e+00 1.676890000000000108e-03 -1.000000000000000000e+00
0.000000000000000000e+00 1.615539999999999945e-03 -1.000000000000000000e+00
0.000000000000000000e+00 1.717790000000000072e-03 -1.000000000000000000e+00
0.000000000000000000e+00 1.758690000000000036e-03 -1.000000000000000000e+00
0.000000000000000000e+00 1.758690000000000036e-03 -1.000000000000000000e+00
0.000000000000000000e+00 1.635989999999999927e-03 -1.000000000000000000e+00
0.000000000000000000e+00 1.758690000000000036e-03 -1.000000000000000000e+00
0.000000000000000000e+00 1.533740000000000017e-03 -1.000000000000000000e+00
0.000000000000000000e+00 1.656439999999999909e-03 -1.000000000000000000e+00
0.000000000000000000e+00 1.697340000000000090e-03 -1.000000000000000000e+00
0.000000000000000000e+00 1.738240000000000054e-03 -1.000000000000000000e+00
0.000000000000000000e+00 1.758690000000000036e-03 -1.000000000000000000e+00
