0.000000000000000000e+00 2.429149999999999875e-04 3.643720000000000140e-04
0.000000000000000000e+00 8.097170000000000539e-04 9.311739999999999991e-04
0.000000000000000000e+00 0.000000000000000000e+00 -1.000000000000000000e+00
0.000000000000000000e+00 5.668020000000000393e-04 -1.000000000000000000e+00
0.000000000000000000e+00 9.311739999999999991e-04 -1.000000000000000000e+00
0.000000000000000000e+00 1.174090000000000029e-03 -1.000000000000000000e+00
0.000000000000000000e+00 1.174090000000000029e-03 -1.000000000000000000e+00
0.000000000000000000e+00 8.906880000000000483e-04 -1.000000000000000000e+00
0.000000000000000000e+00 8.906880000000000483e-04 -1.000000000000000000e+00
0.000000000000000000e+00 9.311739999999999991e-04 -1.000000000000000000e+00
0.000000000000000000e+00 1.012150000000000072e-03 -1.000000000000000000e+00
0.000000000000000000e+00 1.093119999999999942e-03 -1.000000000000000000e+00
0.000000000000000000e+00 1.133600000000000016e-03 -1.000000000000000000e+00
0.000000000000000000e+00 1.174090000000000029e-03 -1.000000000000000000e+00
0.000000000000000000e+00 1.174090000000000029e-03 -1.000000000000000000e+00
