0.000000000000000000e+00 1.093750000000000104e-03 1.250000000000000026e-03
0.000000000000000000e+00 2.343749999999999913e-03 -1.000000000000000000e+00
0.000000000000000000e+00 0.000000000000000000e+00 -1.000000000000000000e+00
0.000000000000000000e+00 4.062500000000000139e-03 -1.000000000000000000e+00
0.000000000000000000e+00 1.250000000000000026e-03 1.406249999999999948e-03
0.000000000000000000e+00 9.374999999999999653e-04 -1.000000000000000000e+00
0.000000000000000000e+00 2.187500000000000208e-03 2.343749999999999913e-03
0.000000000000000000e+00 1.562500000000000087e-03 -1.000000000000000000e+00
0.000000000000000000e+00 2.500000000000000052e-03 -1.000000000000000000e+00
0.000000000000000000e+00 4.375000000000000416e-03 -1.000000000000000000e+00
