0.000000000000000000e+00 6.543970000000000299e-04 7.566460000000000330e-04
0.000000000000000000e+00 2.453989999999999861e-04 -1.000000000000000000e+00
0.000000000000000000e+00 9.815950000000000369e-04 -1.000000000000000000e+00
0.000000000000000000e+00 0.000000000000000000e+00 -1.000000000000000000e+00
0.000000000000000000e+00 1.104289999999999959e-03 -1.000000000000000000e+00
0.000000000000000000e+00 9.815950000000000369e-04 -1.000000000000000000e+00
0.000000000000000000e+00 1.002040000000000049e-03 -1.000000000000000000e+00
0.000000000000000000e+00 1.063389999999999995e-03 -1.000000000000000000e+00
0.000000000000000000e+00 9.202449999999999823e-04 -1.000000000000000000e+00
0.000000000000000000e+00 9.202449999999999823e-04 -1.000000000000000000e+00
0.000000000000000000e+00 1.042940000000000013e-03 -1.000000000000000000e+00
0.000000000000000000e+00 1.104289999999999959e-03 -1.000000000000000000e+00
0.000000000000000000e+00 1.104289999999999959e-03 -1.000000000000000000e+00
0.000000000000000000e+00 1.124739999999999941e-03 -1.000000000000000000e+00
