0.000000000000000000e+00 1.949320000000000168e-05 5.847950000000000142e-05
0.000000000000000000e+00 9.746589999999999800e-05 1.169590000000000028e-04
0.000000000000000000e+00 0.000000000000000000e+00 -1.000000000000000000e+00
0.000000000000000000e+00 5.847950000000000142e-05 -1.000000000000000000e+00
0.000000000000000000e+00 3.508769999999999814e-04 -1.000000000000000000e+00
0.000000000000000000e+00 3.703700000000000199e-04 -1.000000000000000000e+00
0.000000000000000000e+00 2.729039999999999743e-04 -1.000000000000000000e+00
0.000000000000000000e+00 3.703700000000000199e-04 -1.000000000000000000e+00
0.000000000000000000e+00 3.313839999999999971e-04 -1.000000000000000000e+00
0.000000000000000000e+00 3.703700000000000199e-04 -1.000000000000000000e+00
