0.000000000000000000e+00 0.000000000000000000e+00 -1.000000000000000000e+00
0.000000000000000000e+00 7.843140000000000398e-04 1.078430000000000014e-03
0.000000000000000000e+00 7.843140000000000398e-04 -1.000000000000000000e+00
0.000000000000000000e+00 9.803920000000000690e-04 1.274509999999999966e-03
0.000000000000000000e+00 8.823530000000000002e-04 -1.000000000000000000e+00
0.000000000000000000e+00 1.274509999999999966e-03 -1.000000000000000000e+00
0.000000000000000000e+00 1.274509999999999966e-03 -1.000000000000000000e+00
0.000000000000000000e+00 1.470589999999999918e-03 -1.000000000000000000e+00
0.000000000000000000e+00 1.470589999999999918e-03 -1.000000000000000000e+00
0.000000000000000000e+00 1.470589999999999918e-03 -1.000000000000000000e+00
