0.000000000000000000e+00 3.405019999999999922e-03 4.193549999999999882e-03
0.000000000000000000e+00 4.086020000000000103e-03 -1.000000000000000000e+00
0.000000000000000000e+00 0.000000000000000000e+00 -1.000000000000000000e+00
0.000000000000000000e+00 3.870970000000000053e-03 -1.000000000000000000e+00
0.000000000000000000e+00 3.906810000000000144e-03 -1.000000000000000000e+00
0.000000000000000000e+00 4.050179999999999579e-03 -1.000000000000000000e+00
0.000000000000000000e+00 3.870970000000000053e-03 -1.000000000000000000e+00
0.000000000000000000e+00 4.157710000000000225e-03 -1.000000000000000000e+00
0.000000000000000000e+00 4.229390000000000406e-03 -1.000000000000000000e+00
0.000000000000000000e+00 4.229390000000000406e-03 -1.000000000000000000e+00
0.000000000000000000e+00 4.121859999999999760e-03 -1.000000000000000000e+00
