0.000000000000000000e+00 2.263160000000000172e-03 2.842110000000000122e-03
0.000000000000000000e+00 0.000000000000000000e+00 -1.000000000000000000e+00
0.000000000000000000e+00 4.421050000000000153e-03 -1.000000000000000000e+00
0.000000000000000000e+00 4.421050000000000153e-03 -1.000000000000000000e+00
0.000000000000000000e+00 4.421050000000000153e-03 -1.000000000000000000e+00
0.000000000000000000e+00 3.842110000000000143e-03 4.210529999999999655e-03
0.000000000000000000e+00 4.105260000000000332e-03 4.210529999999999655e-03
0.000000000000000000e+00 4.105260000000000332e-03 -1.000000000000000000e+00
0.000000000000000000e+00 2.947369999999999938e-03 -1.000000000000000000e+00
0.000000000000000000e+00 4.210529999999999655e-03 -1.000000000000000000e+00
0.000000000000000000e+00 3.947370000000000392e-03 -1.000000000000000000e+00
0.000000000000000000e+00 4.315789999999999904e-03 -1.000000000000000000e+00
0.000000000000000000e+00 4.421050000000000153e-03 -1.000000000000000000e+00
0.000000000000000000e+00 4.315789999999999904e-03 -1.000000000000000000e+00
0.000000000000000000e+00 4.052629999999999774e-03 -1.000000000000000000e+00
0.000000000000000000e+00 4.210529999999999655e-03 -1.000000000000000000e+00
