0.000000000000000000e+00 0.000000000000000000e+00 -1.000000000000000000e+00
0.000000000000000000e+00 1.000000000000000021e-03 -1.000000000000000000e+00
0.000000000000000000e+00 3.111109999999999830e-03 -1.000000000000000000e+00
0.000000000000000000e+00 2.333330000000000213e-03 2.777780000000000093e-03
0.000000000000000000e+00 2.666669999999999891e-03 2.777780000000000093e-03
0.000000000000000000e+00 2.111109999999999810e-03 -1.000000000000000000e+00
0.000000000000000000e+00 2.777780000000000093e-03 -1.000000000000000000e+00
0.000000000000000000e+00 2.777780000000000093e-03 -1.000000000000000000e+00
0.000000000000000000e+00 3.111109999999999830e-03 -1.000000000000000000e+00
0.000000000000000000e+00 2.777780000000000093e-03 -1.000000000000000000e+00
0.000000000000000000e+00 3.000000000000000062e-03 -1.000000000000000000e+00
