0.000000000000000000e+00 0.000000000000000000e+00 -1.000000000000000000e+00
0.000000000000000000e+00 9.843750000000000069e-03 -1.000000000000000000e+00
0.000000000000000000e+00 1.000000000000000021e-02 1.124999999999999958e-02
0.000000000000000000e+00 9.687499999999999931e-03 -1.000000000000000000e+00
0.000000000000000000e+00 1.062500000000000076e-02 1.171879999999999970e-02
0.000000000000000000e+00 1.015620000000000064e-02 -1.000000000000000000e+00
0.000000000000000000e+00 1.171879999999999970e-02 -1.000000000000000000e+00
0.000000000000000000e+00 1.203129999999999998e-02 -1.000000000000000000e+00
0.000000000000000000e+00 1.265619999999999939e-02 -1.000000000000000000e+00
0.000000000000000000e+00 1.281249999999999924e-02 -1.000000000000000000e+00
