0.000000000000000000e+00 0.000000000000000000e+00 -1.000000000000000000e+00
0.000000000000000000e+00 7.361960000000000509e-04 -1.000000000000000000e+00
0.000000000000000000e+00 7.361960000000000509e-04 -1.000000000000000000e+00
0.000000000000000000e+00 7.157459999999999604e-04 -1.000000000000000000e+00
0.000000000000000000e+00 5.316970000000000290e-04 -1.000000000000000000e+00
0.000000000000000000e+00 6.952969999999999940e-04 -1.000000000000000000e+00
0.000000000000000000e+00 7.157459999999999604e-04 -1.000000000000000000e+00
0.000000000000000000e+00 5.521470000000000111e-04 -1.000000000000000000e+00
0.000000000000000000e+00 7.361960000000000509e-04 -1.000000000000000000e+00
0.000000000000000000e+00 7.361960000000000509e-04 -1.000000000000000000e+00
0.000000000000000000e+00 7.157459999999999604e-04 -1.000000000000000000e+00
