0.000000000000000000e+00 0.000000000000000000e+00 -1.000000000000000000e+00
0.000000000000000000e+00 1.258280000000000075e-03 -1.000000000000000000e+00
0.000000000000000000e+00 1.721850000000000030e-03 -1.000000000000000000e+00
0.000000000000000000e+00 2.450330000000000129e-03 -1.000000000000000000e+00
0.000000000000000000e+00 2.450330000000000129e-03 -1.000000000000000000e+00
0.000000000000000000e+00 2.450330000000000129e-03 -1.000000000000000000e+00
0.000000000000000000e+00 2.317880000000000027e-03 -1.000000000000000000e+00
0.000000000000000000e+00 2.317880000000000027e-03 -1.000000000000000000e+00
0.000000000000000000e+00 2.052979999999999822e-03 -1.000000000000000000e+00
0.000000000000000000e+00 2.450330000000000129e-03 -1.000000000000000000e+00
0.000000000000000000e+00 2.317880000000000027e-03 -1.000000000000000000e+00
