0.000000000000000000e+00 2.429149999999999875e-04 5.668020000000000393e-04
0.000000000000000000e+00 0.000000000000000000e+00 -1.000000000000000000e+00
0.000000000000000000e+00 1.376520000000000001e-03 -1.000000000000000000e+00
0.000000000000000000e+00 1.417000000000000074e-03 -1.000000000000000000e+00
0.000000000000000000e+00 1.376520000000000001e-03 -1.000000000000000000e+00
0.000000000000000000e+00 7.287450000000000438e-04 -1.000000000000000000e+00
0.000000000000000000e+00 1.295549999999999913e-03 -1.000000000000000000e+00
0.000000000000000000e+00 8.502019999999999890e-04 9.311739999999999991e-04
0.000000000000000000e+00 7.287450000000000438e-04 -1.000000000000000000e+00
0.000000000000000000e+00 1.376520000000000001e-03 -1.000000000000000000e+00
0.000000000000000000e+00 1.295549999999999913e-03 -1.000000000000000000e+00
0.000000000000000000e+00 1.133600000000000016e-03 -1.000000000000000000e+00
0.000000000000000000e+00 1.255059999999999900e-03 -1.000000000000000000e+00
0.000000000000000000e+00 1.376520000000000001e-03 -1.000000000000000000e+00
