0.000000000000000000e+00 0.000000000000000000e+00 -1.000000000000000000e+00
0.000000000000000000e+00 3.444440000000000002e-03 -1.000000000000000000e+00
0.000000000000000000e+00 2.000000000000000042e-03 2.111109999999999810e-03
0.000000000000000000e+00 2.888889999999999861e-03 3.000000000000000062e-03
0.000000000000000000e+00 2.888889999999999861e-03 -1.000000000000000000e+00
0.000000000000000000e+00 2.000000000000000042e-03 -1.000000000000000000e+00
0.000000000000000000e+00 2.888889999999999861e-03 3.000000000000000062e-03
0.000000000000000000e+00 2.888889999999999861e-03 3.000000000000000062e-03
0.000000000000000000e+00 3.000000000000000062e-03 3.111109999999999830e-03
0.000000000000000000e+00 2.888889999999999861e-03 -1.000000000000000000e+00
0.000000000000000000e+00 3.000000000000000062e-03 -1.000000000000000000e+00
0.000000000000000000e+00 3.000000000000000062e-03 -1.000000000000000000e+00
0.000000000000000000e+00 3.000000000000000062e-03 -1.000000000000000000e+00
0.000000000000000000e+00 3.333329999999999800e-03 -1.000000000000000000e+00
0.000000000000000000e+00 3.000000000000000062e-03 -1.000000000000000000e+00
