0.000000000000000000e+00 1.192890000000000026e-04 2.385780000000000051e-04
0.000000000000000000e+00 1.192890000000000026e-04 2.385780000000000051e-04
0.000000000000000000e+00 1.312180000000000030e-03 2.266489999999999911e-03
0.000000000000000000e+00 0.000000000000000000e+00 -1.000000000000000000e+00
0.000000000000000000e+00 3.936539999999999657e-03 -1.000000000000000000e+00
0.000000000000000000e+00 2.385780000000000105e-03 -1.000000000000000000e+00
0.000000000000000000e+00 3.578669999999999941e-03 -1.000000000000000000e+00
0.000000000000000000e+00 4.413689999999999627e-03 -1.000000000000000000e+00
0.000000000000000000e+00 4.652270000000000016e-03 4.890850000000000405e-03
0.000000000000000000e+00 4.652270000000000016e-03 -1.000000000000000000e+00
0.000000000000000000e+00 4.890850000000000405e-03 -1.000000000000000000e+00
0.000000000000000000e+00 5.010139999999999733e-03 -1.000000000000000000e+00
0.000000000000000000e+00 4.890850000000000405e-03 -1.000000000000000000e+00
0.000000000000000000e+00 5.010139999999999733e-03 -1.000000000000000000e+00
