0.000000000000000000e+00 0.000000000000000000e+00 -1.000000000000000000e+00
0.000000000000000000e+00 2.947369999999999938e-03 -1.000000000000000000e+00
0.000000000000000000e+00 3.526319999999999889e-03 -1.000000000000000000e+00
0.000000000000000000e+00 3.315789999999999883e-03 -1.000000000000000000e+00
0.000000000000000000e+00 3.315789999999999883e-03 -1.000000000000000000e+00
0.000000000000000000e+00 3.578950000000000013e-03 -1.000000000000000000e+00
0.000000000000000000e+00 3.526319999999999889e-03 -1.000000000000000000e+00
0.000000000000000000e+00 3.578950000000000013e-03 -1.000000000000000000e+00
0.000000000000000000e+00 3.473679999999999823e-03 -1.000000000000000000e+00
0.000000000000000000e+00 3.368420000000000008e-03 -1.000000000000000000e+00
0.000000000000000000e+00 3.578950000000000013e-03 -1.000000000000000000e+00
0.000000000000000000e+00 3.578950000000000013e-03 -1.000000000000000000e+00
