0.000000000000000000e+00 2.150539999999999830e-03 -1.000000000000000000e+00
0.000000000000000000e+00 2.258060000000000102e-03 -1.000000000000000000e+00
0.000000000000000000e+00 2.688170000000000143e-03 -1.000000000000000000e+00
0.000000000000000000e+00 2.616489999999999962e-03 -1.000000000000000000e+00
0.000000000000000000e+00 0.000000000000000000e+00 -1.000000000000000000e+00
0.000000000000000000e+00 2.759859999999999831e-03 -1.000000000000000000e+00
0.000000000000000000e+00 2.724009999999999800e-03 -1.000000000000000000e+00
0.000000000000000000e+00 2.652330000000000052e-03 -1.000000000000000000e+00
0.000000000000000000e+00 2.795699999999999921e-03 -1.000000000000000000e+00
0.000000000000000000e+00 2.724009999999999800e-03 -1.000000000000000000e+00
0.000000000000000000e+00 2.795699999999999921e-03 -1.000000000000000000e+00
