0.000000000000000000e+00 1.712329999999999918e-04 3.082189999999999843e-04
0.000000000000000000e+00 0.000000000000000000e+00 -1.000000000000000000e+00
0.000000000000000000e+00 5.479449999999999859e-04 -1.000000000000000000e+00
0.000000000000000000e+00 4.109590000000000205e-04 -1.000000000000000000e+00
0.000000000000000000e+00 5.821920000000000393e-04 -1.000000000000000000e+00
0.000000000000000000e+00 2.054790000000000024e-04 3.424659999999999835e-04
0.000000000000000000e+00 1.369859999999999925e-04 -1.000000000000000000e+00
0.000000000000000000e+00 4.109590000000000205e-04 4.794520000000000032e-04
0.000000000000000000e+00 3.767120000000000212e-04 -1.000000000000000000e+00
0.000000000000000000e+00 5.136989999999999482e-04 -1.000000000000000000e+00
0.000000000000000000e+00 5.479449999999999859e-04 -1.000000000000000000e+00
0.000000000000000000e+00 6.164379999999999686e-04 -1.000000000000000000e+00
0.000000000000000000e+00 6.506850000000000220e-04 -1.000000000000000000e+00
