0.000000000000000000e+00 0.000000000000000000e+00 -1.000000000000000000e+00
0.000000000000000000e+00 1.362010000000000087e-03 -1.000000000000000000e+00
0.000000000000000000e+00 1.505379999999999956e-03 -1.000000000000000000e+00
0.000000000000000000e+00 1.899639999999999966e-03 -1.000000000000000000e+00
0.000000000000000000e+00 1.827960000000000002e-03 -1.000000000000000000e+00
0.000000000000000000e+00 1.863800000000000092e-03 -1.000000000000000000e+00
0.000000000000000000e+00 1.577059999999999920e-03 -1.000000000000000000e+00
0.000000000000000000e+00 1.792109999999999970e-03 -1.000000000000000000e+00
0.000000000000000000e+00 1.827960000000000002e-03 -1.000000000000000000e+00
0.000000000000000000e+00 1.863800000000000092e-03 -1.000000000000000000e+00
