0.000000000000000000e+00 1.533740000000000017e-03 1.574639999999999981e-03
0.000000000000000000e+00 0.000000000000000000e+00 -1.000000000000000000e+00
0.000000000000000000e+00 1.799590000000000000e-03 -1.000000000000000000e+00
0.000000000000000000e+00 1.820039999999999982e-03 -1.000000000000000000e+00
0.000000000000000000e+00 1.697340000000000090e-03 -1.000000000000000000e+00
0.000000000000000000e+00 1.656439999999999909e-03 -1.000000000000000000e+00
0.000000000000000000e+00 3.680980000000000254e-04 -1.000000000000000000e+00
0.000000000000000000e+00 1.697340000000000090e-03 -1.000000000000000000e+00
0.000000000000000000e+00 1.738240000000000054e-03 -1.000000000000000000e+00
0.000000000000000000e+00 1.595089999999999963e-03 -1.000000000000000000e+00
0.000000000000000000e+00 1.615539999999999945e-03 -1.000000000000000000e+00
0.000000000000000000e+00 1.697340000000000090e-03 -1.000000000000000000e+00
0.000000000000000000e+00 1.779140000000000018e-03 -1.000000000000000000e+00
0.000000000000000000e+00 1.799590000000000000e-03 -1.000000000000000000e+00
0.000000000000000000e+00 1.820039999999999982e-03 -1.000000000000000000e+00
