0.000000000000000000e+00 1.041669999999999966e-03 2.916670000000000113e-03
0.000000000000000000e+00 0.000000000000000000e+00 -1.000000000000000000e+00
0.000000000000000000e+00 1.354170000000000026e-03 -1.000000000000000000e+00
0.000000000000000000e+00 2.916670000000000113e-03 -1.000000000000000000e+00
0.000000000000000000e+00 1.874999999999999931e-03 -1.000000000000000000e+00
0.000000000000000000e+00 3.645830000000000078e-03 3.749999999999999861e-03
0.000000000000000000e+00 3.125000000000000173e-03 -1.000000000000000000e+00
0.000000000000000000e+00 3.749999999999999861e-03 -1.000000000000000000e+00
0.000000000000000000e+00 3.749999999999999861e-03 -1.000000000000000000e+00
0.000000000000000000e+00 3.749999999999999861e-03 -1.000000000000000000e+00
0.000000000000000000e+00 3.749999999999999861e-03 -1.000000000000000000e+00
