0.000000000000000000e+00 0.000000000000000000e+00 -1.000000000000000000e+00
0.000000000000000000e+00 1.960780000000000021e-04 -1.000000000000000000e+00
0.000000000000000000e+00 2.156860000000000027e-03 2.450980000000000172e-03
0.000000000000000000e+00 1.960780000000000075e-03 -1.000000000000000000e+00
0.000000000000000000e+00 2.450980000000000172e-03 2.549019999999999932e-03
0.000000000000000000e+00 2.058819999999999834e-03 -1.000000000000000000e+00
0.000000000000000000e+00 2.450980000000000172e-03 -1.000000000000000000e+00
0.000000000000000000e+00 2.843140000000000077e-03 -1.000000000000000000e+00
0.000000000000000000e+00 2.941179999999999836e-03 -1.000000000000000000e+00
0.000000000000000000e+00 2.941179999999999836e-03 -1.000000000000000000e+00
0.000000000000000000e+00 2.941179999999999836e-03 -1.000000000000000000e+00
