0.000000000000000000e+00 4.703479999999999901e-04 5.112470000000000469e-04
0.000000000000000000e+00 7.361960000000000509e-04 -1.000000000000000000e+00
0.000000000000000000e+00 4.089979999999999896e-04 -1.000000000000000000e+00
0.000000000000000000e+00 7.361960000000000509e-04 -1.000000000000000000e+00
0.000000000000000000e+00 0.000000000000000000e+00 -1.000000000000000000e+00
0.000000000000000000e+00 5.725969999999999931e-04 -1.000000000000000000e+00
0.000000000000000000e+00 6.952969999999999940e-04 -1.000000000000000000e+00
0.000000000000000000e+00 5.316970000000000290e-04 -1.000000000000000000e+00
0.000000000000000000e+00 6.134969999999999573e-04 -1.000000000000000000e+00
0.000000000000000000e+00 6.748470000000000120e-04 -1.000000000000000000e+00
0.000000000000000000e+00 7.361960000000000509e-04 -1.000000000000000000e+00
0.000000000000000000e+00 7.361960000000000509e-04 -1.000000000000000000e+00
