0.000000000000000000e+00 0.000000000000000000e+00 -1.000000000000000000e+00
0.000000000000000000e+00 4.503309999999999952e-03 -1.000000000000000000e+00
0.000000000000000000e+00 3.311259999999999898e-03 -1.000000000000000000e+00
0.000000000000000000e+00 6.158939999999999901e-03 -1.000000000000000000e+00
0.000000000000000000e+00 5.761589999999999594e-03 -1.000000000000000000e+00
0.000000000000000000e+00 6.357619999999999591e-03 -1.000000000000000000e+00
0.000000000000000000e+00 6.688740000000000310e-03 -1.000000000000000000e+00
0.000000000000000000e+00 6.291390000000000003e-03 -1.000000000000000000e+00
0.000000000000000000e+00 6.490069999999999693e-03 -1.000000000000000000e+00
0.000000000000000000e+00 6.423840000000000106e-03 -1.000000000000000000e+00
0.000000000000000000e+00 5.231790000000000052e-03 -1.000000000000000000e+00
