0.000000000000000000e+00 0.000000000000000000e+00 -1.000000000000000000e+00
0.000000000000000000e+00 5.680900000000000446e-04 -1.000000000000000000e+00
0.000000000000000000e+00 8.927120000000000411e-04 -1.000000000000000000e+00
0.000000000000000000e+00 8.927120000000000411e-04 -1.000000000000000000e+00
0.000000000000000000e+00 9.738680000000000210e-04 -1.000000000000000000e+00
0.000000000000000000e+00 9.738680000000000210e-04 -1.000000000000000000e+00
0.000000000000000000e+00 9.738680000000000210e-04 -1.000000000000000000e+00
0.000000000000000000e+00 9.738680000000000210e-04 -1.000000000000000000e+00
0.000000000000000000e+00 9.738680000000000210e-04 -1.000000000000000000e+00
0.000000000000000000e+00 9.738680000000000210e-04 -1.000000000000000000e+00
