0.000000000000000000e+00 2.434670000000000052e-04 4.869340000000000105e-04
0.000000000000000000e+00 0.000000000000000000e+00 -1.000000000000000000e+00
0.000000000000000000e+00 1.460799999999999946e-03 -1.000000000000000000e+00
0.000000000000000000e+00 8.115569999999999956e-05 -1.000000000000000000e+00
0.000000000000000000e+00 7.304009999999999886e-04 -1.000000000000000000e+00
0.000000000000000000e+00 1.298490000000000017e-03 -1.000000000000000000e+00
0.000000000000000000e+00 1.379650000000000060e-03 -1.000000000000000000e+00
0.000000000000000000e+00 1.460799999999999946e-03 -1.000000000000000000e+00
0.000000000000000000e+00 1.460799999999999946e-03 -1.000000000000000000e+00
0.000000000000000000e+00 1.460799999999999946e-03 -1.000000000000000000e+00
0.000000000000000000e+00 1.460799999999999946e-03 -1.000000000000000000e+00
0.000000000000000000e+00 1.460799999999999946e-03 -1.000000000000000000e+00
