0.000000000000000000e+00 3.593750000000000156e-03 4.375000000000000416e-03
0.000000000000000000e+00 0.000000000000000000e+00 -1.000000000000000000e+00
0.000000000000000000e+00 9.062499999999999375e-03 -1.000000000000000000e+00
0.000000000000000000e+00 4.218750000000000278e-03 -1.000000000000000000e+00
0.000000000000000000e+00 7.499999999999999722e-03 -1.000000000000000000e+00
0.000000000000000000e+00 5.312500000000000382e-03 5.624999999999999792e-03
0.000000000000000000e+00 5.156250000000000243e-03 6.093750000000000208e-03
0.000000000000000000e+00 3.125000000000000173e-03 -1.000000000000000000e+00
0.000000000000000000e+00 6.718749999999999896e-03 7.343749999999999584e-03
0.000000000000000000e+00 6.406249999999999618e-03 -1.000000000000000000e+00
0.000000000000000000e+00 7.343749999999999584e-03 -1.000000000000000000e+00
0.000000000000000000e+00 7.812500000000000000e-03 -1.000000000000000000e+00
0.000000000000000000e+00 8.906249999999999237e-03 -1.000000000000000000e+00
