0.000000000000000000e+00 2.027909999999999956e-03 2.266489999999999911e-03
0.000000000000000000e+00 0.000000000000000000e+00 -1.000000000000000000e+00
0.000000000000000000e+00 5.487299999999999643e-03 -1.000000000000000000e+00
0.000000000000000000e+00 4.413689999999999627e-03 -1.000000000000000000e+00
0.000000000000000000e+00 2.624360000000000061e-03 3.101510000000000031e-03
0.000000000000000000e+00 1.312180000000000030e-03 -1.000000000000000000e+00
0.000000000000000000e+00 3.459380000000000181e-03 3.578669999999999941e-03
0.000000000000000000e+00 3.459380000000000181e-03 -1.000000000000000000e+00
0.000000000000000000e+00 3.936539999999999657e-03 4.175120000000000046e-03
0.000000000000000000e+00 3.459380000000000181e-03 -1.000000000000000000e+00
0.000000000000000000e+00 4.413689999999999627e-03 4.771560000000000211e-03
0.000000000000000000e+00 4.413689999999999627e-03 -1.000000000000000000e+00
0.000000000000000000e+00 4.771560000000000211e-03 5.248720000000000122e-03
0.000000000000000000e+00 5.129429999999999927e-03 5.248720000000000122e-03
0.000000000000000000e+00 4.771560000000000211e-03 -1.000000000000000000e+00
0.000000000000000000e+00 5.368010000000000316e-03 -1.000000000000000000e+00
0.000000000000000000e+00 5.248720000000000122e-03 -1.000000000000000000e+00
0.000000000000000000e+00 5.248720000000000122e-03 -1.000000000000000000e+00
0.000000000000000000e+00 5.368010000000000316e-03 -1.000000000000000000e+00
