0.000000000000000000e+00 0.000000000000000000e+00 -1.000000000000000000e+00
0.000000000000000000e+00 1.588790000000000081e-03 -1.000000000000000000e+00
0.000000000000000000e+00 1.869159999999999919e-03 -1.000000000000000000e+00
0.000000000000000000e+00 5.607480000000000190e-04 -1.000000000000000000e+00
0.000000000000000000e+00 1.495330000000000010e-03 1.588790000000000081e-03
0.000000000000000000e+00 8.411210000000000128e-04 -1.000000000000000000e+00
0.000000000000000000e+00 1.682239999999999994e-03 -1.000000000000000000e+00
0.000000000000000000e+00 1.869159999999999919e-03 -1.000000000000000000e+00
0.000000000000000000e+00 1.869159999999999919e-03 -1.000000000000000000e+00
0.000000000000000000e+00 1.869159999999999919e-03 -1.000000000000000000e+00
