0.000000000000000000e+00 0.000000000000000000e+00 -1.000000000000000000e+00
0.000000000000000000e+00 1.136180000000000089e-03 1.379650000000000060e-03
0.000000000000000000e+00 9.738680000000000210e-04 -1.000000000000000000e+00
0.000000000000000000e+00 1.460799999999999946e-03 -1.000000000000000000e+00
0.000000000000000000e+00 1.379650000000000060e-03 1.460799999999999946e-03
0.000000000000000000e+00 1.379650000000000060e-03 -1.000000000000000000e+00
0.000000000000000000e+00 1.460799999999999946e-03 -1.000000000000000000e+00
0.000000000000000000e+00 1.460799999999999946e-03 -1.000000000000000000e+00
0.000000000000000000e+00 1.460799999999999946e-03 -1.000000000000000000e+00
0.000000000000000000e+00 1.460799999999999946e-03 -1.000000000000000000e+00
