0.000000000000000000e+00 5.298009999999999916e-04 -1.000000000000000000e+00
0.000000000000000000e+00 0.000000000000000000e+00 -1.000000000000000000e+00
0.000000000000000000e+00 5.298009999999999916e-04 -1.000000000000000000e+00
0.000000000000000000e+00 3.973509999999999976e-04 -1.000000000000000000e+00
0.000000000000000000e+00 5.298009999999999916e-04 -1.000000000000000000e+00
0.000000000000000000e+00 3.973509999999999976e-04 -1.000000000000000000e+00
0.000000000000000000e+00 5.298009999999999916e-04 -1.000000000000000000e+00
0.000000000000000000e+00 3.973509999999999976e-04 -1.000000000000000000e+00
0.000000000000000000e+00 5.298009999999999916e-04 -1.000000000000000000e+00
0.000000000000000000e+00 4.635759999999999946e-04 -1.000000000000000000e+00
