0.000000000000000000e+00 6.666669999999999649e-05 1.333329999999999921e-04
0.000000000000000000e+00 0.000000000000000000e+00 2.666670000000000000e-04
0.000000000000000000e+00 0.000000000000000000e+00 -1.000000000000000000e+00
0.000000000000000000e+00 6.666670000000000191e-04 -1.000000000000000000e+00
0.000000000000000000e+00 8.000000000000000383e-04 -1.000000000000000000e+00
0.000000000000000000e+00 2.666670000000000000e-04 4.000000000000000192e-04
0.000000000000000000e+00 2.000000000000000096e-04 4.000000000000000192e-04
0.000000000000000000e+00 4.000000000000000192e-04 4.666669999999999824e-04
0.000000000000000000e+00 1.333329999999999921e-04 -1.000000000000000000e+00
0.000000000000000000e+00 4.666669999999999824e-04 5.333329999999999842e-04
0.000000000000000000e+00 4.000000000000000192e-04 -1.000000000000000000e+00
0.000000000000000000e+00 6.666670000000000191e-04 -1.000000000000000000e+00
0.000000000000000000e+00 7.333329999999999666e-04 -1.000000000000000000e+00
0.000000000000000000e+00 8.000000000000000383e-04 -1.000000000000000000e+00
0.000000000000000000e+00 8.000000000000000383e-04 -1.000000000000000000e+00
