0.000000000000000000e+00 4.928430000000000137e-03 5.562369999999999641e-03
0.000000000000000000e+00 5.562369999999999641e-03 -1.000000000000000000e+00
0.000000000000000000e+00 5.603269999999999605e-03 -1.000000000000000000e+00
0.000000000000000000e+00 0.000000000000000000e+00 -1.000000000000000000e+00
0.000000000000000000e+00 5.664620000000000419e-03 -1.000000000000000000e+00
0.000000000000000000e+00 5.644169999999999569e-03 -1.000000000000000000e+00
0.000000000000000000e+00 5.685070000000000401e-03 -1.000000000000000000e+00
0.000000000000000000e+00 5.644169999999999569e-03 -1.000000000000000000e+00
0.000000000000000000e+00 5.480569999999999713e-03 -1.000000000000000000e+00
0.000000000000000000e+00 5.685070000000000401e-03 -1.000000000000000000e+00
