0.000000000000000000e+00 5.223880000000000407e-04 7.462690000000000339e-04
0.000000000000000000e+00 3.731340000000000091e-04 8.208959999999999955e-04
0.000000000000000000e+00 0.000000000000000000e+00 -1.000000000000000000e+00
0.000000000000000000e+00 2.238809999999999932e-03 -1.000000000000000000e+00
0.000000000000000000e+00 1.791040000000000037e-03 -1.000000000000000000e+00
0.000000000000000000e+00 1.492540000000000099e-03 -1.000000000000000000e+00
0.000000000000000000e+00 1.716419999999999968e-03 -1.000000000000000000e+00
0.000000000000000000e+00 1.268660000000000013e-03 -1.000000000000000000e+00
0.000000000000000000e+00 2.089549999999999914e-03 -1.000000000000000000e+00
0.000000000000000000e+00 2.238809999999999932e-03 -1.000000000000000000e+00
