0.000000000000000000e+00 2.210530000000000047e-03 2.263160000000000172e-03
0.000000000000000000e+00 2.947369999999999938e-03 -1.000000000000000000e+00
0.000000000000000000e+00 1.368419999999999966e-03 -1.000000000000000000e+00
0.000000000000000000e+00 3.526319999999999889e-03 -1.000000000000000000e+00
0.000000000000000000e+00 0.000000000000000000e+00 -1.000000000000000000e+00
0.000000000000000000e+00 3.473679999999999823e-03 -1.000000000000000000e+00
0.000000000000000000e+00 2.789470000000000057e-03 3.105259999999999878e-03
0.000000000000000000e+00 3.052630000000000187e-03 3.210530000000000068e-03
0.000000000000000000e+00 3.263160000000000192e-03 3.421050000000000132e-03
0.000000000000000000e+00 2.894739999999999813e-03 -1.000000000000000000e+00
0.000000000000000000e+00 3.315789999999999883e-03 -1.000000000000000000e+00
0.000000000000000000e+00 2.263160000000000172e-03 -1.000000000000000000e+00
0.000000000000000000e+00 3.105259999999999878e-03 -1.000000000000000000e+00
0.000000000000000000e+00 3.105259999999999878e-03 -1.000000000000000000e+00
0.000000000000000000e+00 3.473679999999999823e-03 -1.000000000000000000e+00
0.000000000000000000e+00 3.473679999999999823e-03 -1.000000000000000000e+00
0.000000000000000000e+00 3.315789999999999883e-03 -1.000000000000000000e+00
