0.000000000000000000e+00 8.504670000000000632e-03 8.598130000000000703e-03
0.000000000000000000e+00 0.000000000000000000e+00 -1.000000000000000000e+00
0.000000000000000000e+00 8.411210000000000561e-03 -1.000000000000000000e+00
0.000000000000000000e+00 8.504670000000000632e-03 -1.000000000000000000e+00
0.000000000000000000e+00 9.439249999999999724e-03 9.532709999999999795e-03
0.000000000000000000e+00 9.252339999999999523e-03 -1.000000000000000000e+00
0.000000000000000000e+00 9.813080000000000067e-03 9.906540000000000137e-03
0.000000000000000000e+00 9.813080000000000067e-03 9.906540000000000137e-03
0.000000000000000000e+00 9.719629999999999936e-03 -1.000000000000000000e+00
0.000000000000000000e+00 9.906540000000000137e-03 -1.000000000000000000e+00
0.000000000000000000e+00 9.906540000000000137e-03 -1.000000000000000000e+00
0.000000000000000000e+00 9.906540000000000137e-03 -1.000000000000000000e+00
0.000000000000000000e+00 9.906540000000000137e-03 -1.000000000000000000e+00
