0.000000000000000000e+00 1.619430000000000045e-04 2.429149999999999875e-04
0.000000000000000000e+00 7.287450000000000438e-04 -1.000000000000000000e+00
0.000000000000000000e+00 0.000000000000000000e+00 -1.000000000000000000e+00
0.000000000000000000e+00 4.858299999999999750e-04 -1.000000000000000000e+00
0.000000000000000000e+00 7.692309999999999946e-04 -1.000000000000000000e+00
0.000000000000000000e+00 7.692309999999999946e-04 -1.000000000000000000e+00
0.000000000000000000e+00 5.668020000000000393e-04 -1.000000000000000000e+00
0.000000000000000000e+00 7.692309999999999946e-04 -1.000000000000000000e+00
0.000000000000000000e+00 6.072869999999999744e-04 -1.000000000000000000e+00
0.000000000000000000e+00 7.692309999999999946e-04 -1.000000000000000000e+00
0.000000000000000000e+00 7.692309999999999946e-04 -1.000000000000000000e+00
