0.000000000000000000e+00 0.000000000000000000e+00 -1.000000000000000000e+00
0.000000000000000000e+00 1.497980000000000101e-03 -1.000000000000000000e+00
0.000000000000000000e+00 2.145750000000000088e-03 -1.000000000000000000e+00
0.000000000000000000e+00 1.255059999999999900e-03 -1.000000000000000000e+00
0.000000000000000000e+00 1.659920000000000059e-03 1.821860000000000016e-03
0.000000000000000000e+00 1.497980000000000101e-03 -1.000000000000000000e+00
0.000000000000000000e+00 1.943319999999999900e-03 -1.000000000000000000e+00
0.000000000000000000e+00 1.943319999999999900e-03 -1.000000000000000000e+00
0.000000000000000000e+00 2.186229999999999944e-03 -1.000000000000000000e+00
0.000000000000000000e+00 2.024290000000000204e-03 -1.000000000000000000e+00
0.000000000000000000e+00 2.145750000000000088e-03 -1.000000000000000000e+00
