0.000000000000000000e+00 9.473679999999999731e-04 1.000000000000000021e-03
0.000000000000000000e+00 0.000000000000000000e+00 -1.000000000000000000e+00
0.000000000000000000e+00 8.947370000000000496e-04 -1.000000000000000000e+00
0.000000000000000000e+00 1.263159999999999934e-03 -1.000000000000000000e+00
0.000000000000000000e+00 1.105260000000000053e-03 1.263159999999999934e-03
0.000000000000000000e+00 1.105260000000000053e-03 -1.000000000000000000e+00
0.000000000000000000e+00 1.315790000000000059e-03 1.368419999999999966e-03
0.000000000000000000e+00 1.157889999999999961e-03 1.368419999999999966e-03
0.000000000000000000e+00 1.157889999999999961e-03 -1.000000000000000000e+00
0.000000000000000000e+00 1.368419999999999966e-03 -1.000000000000000000e+00
0.000000000000000000e+00 1.368419999999999966e-03 -1.000000000000000000e+00
0.000000000000000000e+00 1.368419999999999966e-03 -1.000000000000000000e+00
