0.000000000000000000e+00 0.000000000000000000e+00 -1.000000000000000000e+00
0.000000000000000000e+00 2.793519999999999857e-03 -1.000000000000000000e+00
0.000000000000000000e+00 2.591089999999999886e-03 -1.000000000000000000e+00
0.000000000000000000e+00 2.388659999999999915e-03 -1.000000000000000000e+00
0.000000000000000000e+00 2.591089999999999886e-03 -1.000000000000000000e+00
0.000000000000000000e+00 1.821860000000000016e-03 -1.000000000000000000e+00
0.000000000000000000e+00 2.631580000000000117e-03 -1.000000000000000000e+00
0.000000000000000000e+00 2.631580000000000117e-03 -1.000000000000000000e+00
0.000000000000000000e+00 2.753040000000000001e-03 -1.000000000000000000e+00
0.000000000000000000e+00 2.793519999999999857e-03 -1.000000000000000000e+00
