0.000000000000000000e+00 0.000000000000000000e+00 -1.000000000000000000e+00
0.000000000000000000e+00 5.533330000000000366e-03 -1.000000000000000000e+00
0.000000000000000000e+00 5.533330000000000366e-03 -1.000000000000000000e+00
0.000000000000000000e+00 5.466669999999999863e-03 5.533330000000000366e-03
0.000000000000000000e+00 4.599999999999999922e-03 -1.000000000000000000e+00
0.000000000000000000e+00 5.333329999999999842e-03 -1.000000000000000000e+00
0.000000000000000000e+00 5.533330000000000366e-03 -1.000000000000000000e+00
0.000000000000000000e+00 5.533330000000000366e-03 -1.000000000000000000e+00
0.000000000000000000e+00 5.533330000000000366e-03 -1.000000000000000000e+00
0.000000000000000000e+00 5.533330000000000366e-03 -1.000000000000000000e+00
