0.000000000000000000e+00 3.921570000000000199e-04 6.862749999999999710e-04
0.000000000000000000e+00 0.000000000000000000e+00 -1.000000000000000000e+00
0.000000000000000000e+00 2.549019999999999932e-03 -1.000000000000000000e+00
0.000000000000000000e+00 1.078430000000000014e-03 1.470589999999999918e-03
0.000000000000000000e+00 1.078430000000000014e-03 -1.000000000000000000e+00
0.000000000000000000e+00 1.372549999999999942e-03 1.960780000000000075e-03
0.000000000000000000e+00 1.274509999999999966e-03 -1.000000000000000000e+00
0.000000000000000000e+00 1.960780000000000075e-03 -1.000000000000000000e+00
0.000000000000000000e+00 2.254899999999999786e-03 -1.000000000000000000e+00
0.000000000000000000e+00 2.352939999999999979e-03 -1.000000000000000000e+00
0.000000000000000000e+00 2.450980000000000172e-03 -1.000000000000000000e+00
