0.000000000000000000e+00 1.623110000000000091e-03 -1.000000000000000000e+00
0.000000000000000000e+00 0.000000000000000000e+00 -1.000000000000000000e+00
0.000000000000000000e+00 1.785420000000000019e-03 -1.000000000000000000e+00
0.000000000000000000e+00 1.379650000000000060e-03 1.623110000000000091e-03
0.000000000000000000e+00 1.623110000000000091e-03 1.704269999999999917e-03
0.000000000000000000e+00 1.055020000000000046e-03 -1.000000000000000000e+00
0.000000000000000000e+00 1.704269999999999917e-03 -1.000000000000000000e+00
0.000000000000000000e+00 1.623110000000000091e-03 1.785420000000000019e-03
0.000000000000000000e+00 1.704269999999999917e-03 1.785420000000000019e-03
0.000000000000000000e+00 1.623110000000000091e-03 -1.000000000000000000e+00
0.000000000000000000e+00 1.785420000000000019e-03 -1.000000000000000000e+00
0.000000000000000000e+00 1.785420000000000019e-03 -1.000000000000000000e+00
0.000000000000000000e+00 1.785420000000000019e-03 -1.000000000000000000e+00
0.000000000000000000e+00 1.785420000000000019e-03 -1.000000000000000000e+00
0.000000000000000000e+00 1.785420000000000019e-03 -1.000000000000000000e+00
0.000000000000000000e+00 1.785420000000000019e-03 -1.000000000000000000e+00
0.000000000000000000e+00 1.785420000000000019e-03 -1.000000000000000000e+00
