0.000000000000000000e+00 0.000000000000000000e+00 -1.000000000000000000e+00
0.000000000000000000e+00 1.055020000000000046e-03 -1.000000000000000000e+00
0.000000000000000000e+00 1.055020000000000046e-03 -1.000000000000000000e+00
0.000000000000000000e+00 8.115569999999999685e-04 -1.000000000000000000e+00
0.000000000000000000e+00 8.927120000000000411e-04 -1.000000000000000000e+00
0.000000000000000000e+00 1.055020000000000046e-03 -1.000000000000000000e+00
0.000000000000000000e+00 1.055020000000000046e-03 -1.000000000000000000e+00
0.000000000000000000e+00 1.055020000000000046e-03 -1.000000000000000000e+00
0.000000000000000000e+00 1.055020000000000046e-03 -1.000000000000000000e+00
0.000000000000000000e+00 1.055020000000000046e-03 -1.000000000000000000e+00
