0.000000000000000000e+00 0.000000000000000000e+00 -1.000000000000000000e+00
0.000000000000000000e+00 2.328769999999999972e-03 -1.000000000000000000e+00
0.000000000000000000e+00 2.705480000000000124e-03 -1.000000000000000000e+00
0.000000000000000000e+00 2.260269999999999987e-03 -1.000000000000000000e+00
0.000000000000000000e+00 2.363010000000000024e-03 -1.000000000000000000e+00
0.000000000000000000e+00 2.705480000000000124e-03 -1.000000000000000000e+00
0.000000000000000000e+00 2.089039999999999907e-03 -1.000000000000000000e+00
0.000000000000000000e+00 2.294519999999999980e-03 -1.000000000000000000e+00
0.000000000000000000e+00 2.568490000000000096e-03 -1.000000000000000000e+00
0.000000000000000000e+00 2.705480000000000124e-03 -1.000000000000000000e+00
