0.000000000000000000e+00 9.677419999999999512e-04 1.003580000000000010e-03
0.000000000000000000e+00 0.000000000000000000e+00 -1.000000000000000000e+00
0.000000000000000000e+00 7.526879999999999465e-04 -1.000000000000000000e+00
0.000000000000000000e+00 1.182799999999999910e-03 -1.000000000000000000e+00
0.000000000000000000e+00 1.254480000000000092e-03 -1.000000000000000000e+00
0.000000000000000000e+00 1.254480000000000092e-03 -1.000000000000000000e+00
0.000000000000000000e+00 7.885299999999999601e-04 -1.000000000000000000e+00
0.000000000000000000e+00 1.218640000000000001e-03 -1.000000000000000000e+00
0.000000000000000000e+00 1.111110000000000006e-03 -1.000000000000000000e+00
0.000000000000000000e+00 1.290319999999999965e-03 -1.000000000000000000e+00
0.000000000000000000e+00 1.218640000000000001e-03 -1.000000000000000000e+00
