0.000000000000000000e+00 1.456950000000000042e-03 -1.000000000000000000e+00
0.000000000000000000e+00 2.715229999999999901e-03 -1.000000000000000000e+00
0.000000000000000000e+00 0.000000000000000000e+00 -1.000000000000000000e+00
0.000000000000000000e+00 3.907279999999999955e-03 -1.000000000000000000e+00
0.000000000000000000e+00 3.576160000000000103e-03 -1.000000000000000000e+00
0.000000000000000000e+00 4.569540000000000407e-03 -1.000000000000000000e+00
0.000000000000000000e+00 4.437090000000000305e-03 -1.000000000000000000e+00
0.000000000000000000e+00 4.569540000000000407e-03 -1.000000000000000000e+00
0.000000000000000000e+00 3.973510000000000410e-03 -1.000000000000000000e+00
0.000000000000000000e+00 4.569540000000000407e-03 -1.000000000000000000e+00
