0.000000000000000000e+00 0.000000000000000000e+00 -1.000000000000000000e+00
0.000000000000000000e+00 2.385780000000000051e-04 -1.000000000000000000e+00
0.000000000000000000e+00 5.964450000000000264e-04 -1.000000000000000000e+00
0.000000000000000000e+00 9.543120000000000205e-04 1.073600000000000075e-03
0.000000000000000000e+00 9.543120000000000205e-04 -1.000000000000000000e+00
0.000000000000000000e+00 1.073600000000000075e-03 1.192890000000000053e-03
0.000000000000000000e+00 1.073600000000000075e-03 -1.000000000000000000e+00
0.000000000000000000e+00 1.192890000000000053e-03 -1.000000000000000000e+00
0.000000000000000000e+00 1.192890000000000053e-03 -1.000000000000000000e+00
0.000000000000000000e+00 1.192890000000000053e-03 -1.000000000000000000e+00
0.000000000000000000e+00 1.192890000000000053e-03 -1.000000000000000000e+00
