0.000000000000000000e+00 0.000000000000000000e+00 -1.000000000000000000e+00
0.000000000000000000e+00 2.085889999999999966e-03 -1.000000000000000000e+00
0.000000000000000000e+00 2.822090000000000189e-03 -1.000000000000000000e+00
0.000000000000000000e+00 3.047030000000000051e-03 -1.000000000000000000e+00
0.000000000000000000e+00 2.760739999999999809e-03 -1.000000000000000000e+00
0.000000000000000000e+00 3.047030000000000051e-03 -1.000000000000000000e+00
0.000000000000000000e+00 2.985690000000000045e-03 -1.000000000000000000e+00
0.000000000000000000e+00 2.760739999999999809e-03 -1.000000000000000000e+00
0.000000000000000000e+00 2.903890000000000117e-03 -1.000000000000000000e+00
0.000000000000000000e+00 2.924340000000000099e-03 -1.000000000000000000e+00
