0.000000000000000000e+00 5.555560000000000186e-04 8.888890000000000203e-04
0.000000000000000000e+00 0.000000000000000000e+00 -1.000000000000000000e+00
0.000000000000000000e+00 1.888890000000000057e-03 -1.000000000000000000e+00
0.000000000000000000e+00 1.333329999999999975e-03 -1.000000000000000000e+00
0.000000000000000000e+00 1.888890000000000057e-03 -1.000000000000000000e+00
0.000000000000000000e+00 1.777780000000000072e-03 -1.000000000000000000e+00
0.000000000000000000e+00 1.000000000000000021e-03 -1.000000000000000000e+00
0.000000000000000000e+00 1.333329999999999975e-03 -1.000000000000000000e+00
0.000000000000000000e+00 1.555560000000000102e-03 -1.000000000000000000e+00
0.000000000000000000e+00 1.888890000000000057e-03 -1.000000000000000000e+00
0.000000000000000000e+00 1.777780000000000072e-03 -1.000000000000000000e+00
0.000000000000000000e+00 1.000000000000000021e-03 -1.000000000000000000e+00
0.000000000000000000e+00 1.555560000000000102e-03 -1.000000000000000000e+00
0.000000000000000000e+00 1.555560000000000102e-03 -1.000000000000000000e+00
