0.000000000000000000e+00 0.000000000000000000e+00 -1.000000000000000000e+00
0.000000000000000000e+00 2.505069999999999866e-03 -1.000000000000000000e+00
0.000000000000000000e+00 1.550759999999999986e-03 2.266489999999999911e-03
0.000000000000000000e+00 1.431470000000000008e-03 -1.000000000000000000e+00
0.000000000000000000e+00 2.385780000000000105e-03 2.505069999999999866e-03
0.000000000000000000e+00 2.266489999999999911e-03 -1.000000000000000000e+00
0.000000000000000000e+00 2.624360000000000061e-03 -1.000000000000000000e+00
0.000000000000000000e+00 2.982230000000000211e-03 3.220799999999999792e-03
0.000000000000000000e+00 2.743649999999999822e-03 -1.000000000000000000e+00
0.000000000000000000e+00 3.459380000000000181e-03 3.578669999999999941e-03
0.000000000000000000e+00 3.340089999999999986e-03 3.578669999999999941e-03
0.000000000000000000e+00 3.220799999999999792e-03 -1.000000000000000000e+00
0.000000000000000000e+00 3.578669999999999941e-03 -1.000000000000000000e+00
0.000000000000000000e+00 3.697960000000000136e-03 -1.000000000000000000e+00
0.000000000000000000e+00 3.817249999999999897e-03 -1.000000000000000000e+00
