0.000000000000000000e+00 2.089039999999999907e-03 2.123289999999999900e-03
0.000000000000000000e+00 1.952050000000000096e-03 2.123289999999999900e-03
0.000000000000000000e+00 2.260269999999999987e-03 2.465750000000000060e-03
0.000000000000000000e+00 0.000000000000000000e+00 -1.000000000000000000e+00
0.000000000000000000e+00 2.157529999999999951e-03 2.363010000000000024e-03
0.000000000000000000e+00 2.157529999999999951e-03 -1.000000000000000000e+00
0.000000000000000000e+00 2.534250000000000044e-03 -1.000000000000000000e+00
0.000000000000000000e+00 2.397260000000000016e-03 -1.000000000000000000e+00
0.000000000000000000e+00 2.397260000000000016e-03 -1.000000000000000000e+00
0.000000000000000000e+00 2.500000000000000052e-03 -1.000000000000000000e+00
