0.000000000000000000e+00 2.266489999999999911e-03 2.385780000000000105e-03
0.000000000000000000e+00 1.908619999999999978e-03 2.505069999999999866e-03
0.000000000000000000e+00 4.175120000000000046e-03 -1.000000000000000000e+00
0.000000000000000000e+00 0.000000000000000000e+00 -1.000000000000000000e+00
0.000000000000000000e+00 4.771560000000000211e-03 -1.000000000000000000e+00
0.000000000000000000e+00 2.505069999999999866e-03 4.175120000000000046e-03
0.000000000000000000e+00 2.385780000000000105e-03 -1.000000000000000000e+00
0.000000000000000000e+00 2.862940000000000016e-03 4.294410000000000241e-03
0.000000000000000000e+00 2.743649999999999822e-03 -1.000000000000000000e+00
0.000000000000000000e+00 4.294410000000000241e-03 4.413689999999999627e-03
0.000000000000000000e+00 4.294410000000000241e-03 -1.000000000000000000e+00
0.000000000000000000e+00 4.413689999999999627e-03 -1.000000000000000000e+00
0.000000000000000000e+00 4.413689999999999627e-03 4.532979999999999822e-03
0.000000000000000000e+00 4.413689999999999627e-03 -1.000000000000000000e+00
0.000000000000000000e+00 4.532979999999999822e-03 4.652270000000000016e-03
0.000000000000000000e+00 4.532979999999999822e-03 -1.000000000000000000e+00
0.000000000000000000e+00 4.652270000000000016e-03 4.771560000000000211e-03
0.000000000000000000e+00 4.652270000000000016e-03 -1.000000000000000000e+00
0.000000000000000000e+00 4.771560000000000211e-03 -1.000000000000000000e+00
0.000000000000000000e+00 4.771560000000000211e-03 -1.000000000000000000e+00
