0.000000000000000000e+00 0.000000000000000000e+00 -1.000000000000000000e+00
0.000000000000000000e+00 1.869919999999999959e-03 -1.000000000000000000e+00
0.000000000000000000e+00 1.788620000000000097e-03 -1.000000000000000000e+00
0.000000000000000000e+00 5.691059999999999956e-04 -1.000000000000000000e+00
0.000000000000000000e+00 1.138209999999999960e-03 1.219510000000000038e-03
0.000000000000000000e+00 8.943090000000000327e-04 -1.000000000000000000e+00
0.000000000000000000e+00 1.219510000000000038e-03 -1.000000000000000000e+00
0.000000000000000000e+00 1.300809999999999900e-03 -1.000000000000000000e+00
0.000000000000000000e+00 1.463410000000000058e-03 -1.000000000000000000e+00
0.000000000000000000e+00 1.626019999999999939e-03 -1.000000000000000000e+00
0.000000000000000000e+00 1.707320000000000018e-03 -1.000000000000000000e+00
0.000000000000000000e+00 1.869919999999999959e-03 -1.000000000000000000e+00
