0.000000000000000000e+00 3.842110000000000143e-03 4.105260000000000332e-03
0.000000000000000000e+00 0.000000000000000000e+00 -1.000000000000000000e+00
0.000000000000000000e+00 3.789470000000000078e-03 -1.000000000000000000e+00
0.000000000000000000e+00 5.052629999999999795e-03 -1.000000000000000000e+00
0.000000000000000000e+00 4.631579999999999725e-03 -1.000000000000000000e+00
0.000000000000000000e+00 4.894739999999999855e-03 -1.000000000000000000e+00
0.000000000000000000e+00 4.421050000000000153e-03 4.526320000000000343e-03
0.000000000000000000e+00 4.000000000000000083e-03 -1.000000000000000000e+00
0.000000000000000000e+00 4.631579999999999725e-03 4.789469999999999665e-03
0.000000000000000000e+00 4.684210000000000283e-03 4.789469999999999665e-03
0.000000000000000000e+00 4.526320000000000343e-03 -1.000000000000000000e+00
0.000000000000000000e+00 4.789469999999999665e-03 4.947370000000000413e-03
0.000000000000000000e+00 4.894739999999999855e-03 4.947370000000000413e-03
0.000000000000000000e+00 4.789469999999999665e-03 -1.000000000000000000e+00
0.000000000000000000e+00 5.000000000000000104e-03 -1.000000000000000000e+00
0.000000000000000000e+00 4.947370000000000413e-03 -1.000000000000000000e+00
0.000000000000000000e+00 4.894739999999999855e-03 -1.000000000000000000e+00
0.000000000000000000e+00 5.000000000000000104e-03 -1.000000000000000000e+00
0.000000000000000000e+00 5.000000000000000104e-03 -1.000000000000000000e+00
0.000000000000000000e+00 4.947370000000000413e-03 -1.000000000000000000e+00
0.000000000000000000e+00 5.052629999999999795e-03 -1.000000000000000000e+00
