0.000000000000000000e+00 1.789339999999999941e-03 3.340089999999999986e-03
0.000000000000000000e+00 0.000000000000000000e+00 -1.000000000000000000e+00
0.000000000000000000e+00 4.055829999999999852e-03 -1.000000000000000000e+00
0.000000000000000000e+00 2.982230000000000211e-03 -1.000000000000000000e+00
0.000000000000000000e+00 3.697960000000000136e-03 3.936539999999999657e-03
0.000000000000000000e+00 3.817249999999999897e-03 3.936539999999999657e-03
0.000000000000000000e+00 3.578669999999999941e-03 -1.000000000000000000e+00
0.000000000000000000e+00 3.936539999999999657e-03 4.055829999999999852e-03
0.000000000000000000e+00 3.936539999999999657e-03 4.055829999999999852e-03
0.000000000000000000e+00 3.936539999999999657e-03 4.055829999999999852e-03
0.000000000000000000e+00 3.936539999999999657e-03 -1.000000000000000000e+00
0.000000000000000000e+00 4.055829999999999852e-03 -1.000000000000000000e+00
0.000000000000000000e+00 4.055829999999999852e-03 -1.000000000000000000e+00
0.000000000000000000e+00 4.055829999999999852e-03 -1.000000000000000000e+00
0.000000000000000000e+00 4.055829999999999852e-03 -1.000000000000000000e+00
0.000000000000000000e+00 4.055829999999999852e-03 -1.000000000000000000e+00
0.000000000000000000e+00 4.055829999999999852e-03 -1.000000000000000000e+00
