0.000000000000000000e+00 2.631579999999999900e-04 3.684210000000000154e-04
0.000000000000000000e+00 3.684210000000000154e-04 5.789470000000000120e-04
0.000000000000000000e+00 0.000000000000000000e+00 -1.000000000000000000e+00
0.000000000000000000e+00 8.947370000000000496e-04 -1.000000000000000000e+00
0.000000000000000000e+00 1.210530000000000026e-03 -1.000000000000000000e+00
0.000000000000000000e+00 1.052629999999999929e-03 -1.000000000000000000e+00
0.000000000000000000e+00 6.315789999999999512e-04 6.842109999999999989e-04
0.000000000000000000e+00 6.842109999999999989e-04 8.947370000000000496e-04
0.000000000000000000e+00 4.210530000000000089e-04 -1.000000000000000000e+00
0.000000000000000000e+00 8.947370000000000496e-04 1.157889999999999961e-03
0.000000000000000000e+00 8.947370000000000496e-04 1.157889999999999961e-03
0.000000000000000000e+00 6.315789999999999512e-04 -1.000000000000000000e+00
0.000000000000000000e+00 1.157889999999999961e-03 1.421050000000000091e-03
0.000000000000000000e+00 1.157889999999999961e-03 1.421050000000000091e-03
0.000000000000000000e+00 1.157889999999999961e-03 -1.000000000000000000e+00
0.000000000000000000e+00 1.421050000000000091e-03 -1.000000000000000000e+00
0.000000000000000000e+00 1.421050000000000091e-03 -1.000000000000000000e+00
0.000000000000000000e+00 1.421050000000000091e-03 -1.000000000000000000e+00
