0.000000000000000000e+00 3.555560000000000144e-03 -1.000000000000000000e+00
0.000000000000000000e+00 3.666669999999999912e-03 -1.000000000000000000e+00
0.000000000000000000e+00 0.000000000000000000e+00 -1.000000000000000000e+00
0.000000000000000000e+00 3.777780000000000114e-03 -1.000000000000000000e+00
0.000000000000000000e+00 3.111109999999999830e-03 3.333329999999999800e-03
0.000000000000000000e+00 2.000000000000000042e-03 -1.000000000000000000e+00
0.000000000000000000e+00 3.444440000000000002e-03 3.666669999999999912e-03
0.000000000000000000e+00 3.444440000000000002e-03 3.666669999999999912e-03
0.000000000000000000e+00 3.444440000000000002e-03 -1.000000000000000000e+00
0.000000000000000000e+00 3.666669999999999912e-03 -1.000000000000000000e+00
0.000000000000000000e+00 3.666669999999999912e-03 -1.000000000000000000e+00
0.000000000000000000e+00 3.666669999999999912e-03 -1.000000000000000000e+00
