0.000000000000000000e+00 0.000000000000000000e+00 -1.000000000000000000e+00
0.000000000000000000e+00 1.000000000000000021e-03 -1.000000000000000000e+00
0.000000000000000000e+00 3.684210000000000154e-04 -1.000000000000000000e+00
0.000000000000000000e+00 1.052629999999999929e-03 -1.000000000000000000e+00
0.000000000000000000e+00 5.789470000000000120e-04 6.315789999999999512e-04
0.000000000000000000e+00 4.736839999999999866e-04 -1.000000000000000000e+00
0.000000000000000000e+00 6.315789999999999512e-04 7.894739999999999700e-04
0.000000000000000000e+00 6.315789999999999512e-04 -1.000000000000000000e+00
0.000000000000000000e+00 1.052629999999999929e-03 -1.000000000000000000e+00
0.000000000000000000e+00 9.473679999999999731e-04 1.000000000000000021e-03
0.000000000000000000e+00 7.894739999999999700e-04 1.052629999999999929e-03
0.000000000000000000e+00 8.421050000000000020e-04 1.052629999999999929e-03
0.000000000000000000e+00 7.894739999999999700e-04 1.052629999999999929e-03
0.000000000000000000e+00 7.894739999999999700e-04 -1.000000000000000000e+00
0.000000000000000000e+00 1.052629999999999929e-03 -1.000000000000000000e+00
0.000000000000000000e+00 1.052629999999999929e-03 -1.000000000000000000e+00
0.000000000000000000e+00 1.052629999999999929e-03 -1.000000000000000000e+00
0.000000000000000000e+00 1.052629999999999929e-03 -1.000000000000000000e+00
0.000000000000000000e+00 1.052629999999999929e-03 -1.000000000000000000e+00
0.000000000000000000e+00 1.052629999999999929e-03 -1.000000000000000000e+00
