0.000000000000000000e+00 0.000000000000000000e+00 9.345790000000000521e-05
0.000000000000000000e+00 9.345790000000000521e-05 1.028040000000000030e-03
0.000000000000000000e+00 0.000000000000000000e+00 -1.000000000000000000e+00
0.000000000000000000e+00 2.149530000000000191e-03 -1.000000000000000000e+00
0.000000000000000000e+00 2.056070000000000120e-03 -1.000000000000000000e+00
0.000000000000000000e+00 5.607480000000000190e-04 -1.000000000000000000e+00
0.000000000000000000e+00 1.401869999999999939e-03 1.588790000000000081e-03
0.000000000000000000e+00 1.121500000000000101e-03 -1.000000000000000000e+00
0.000000000000000000e+00 1.682239999999999994e-03 1.775700000000000065e-03
0.000000000000000000e+00 1.682239999999999994e-03 -1.000000000000000000e+00
0.000000000000000000e+00 1.962619999999999990e-03 2.056070000000000120e-03
0.000000000000000000e+00 1.869159999999999919e-03 -1.000000000000000000e+00
0.000000000000000000e+00 2.149530000000000191e-03 -1.000000000000000000e+00
0.000000000000000000e+00 2.242989999999999828e-03 -1.000000000000000000e+00
0.000000000000000000e+00 2.242989999999999828e-03 -1.000000000000000000e+00
0.000000000000000000e+00 2.242989999999999828e-03 -1.000000000000000000e+00
