0.000000000000000000e+00 0.000000000000000000e+00 -1.000000000000000000e+00
0.000000000000000000e+00 6.410260000000000090e-03 -1.000000000000000000e+00
0.000000000000000000e+00 6.153849999999999772e-03 -1.000000000000000000e+00
0.000000000000000000e+00 6.153849999999999772e-03 -1.000000000000000000e+00
0.000000000000000000e+00 6.153849999999999772e-03 -1.000000000000000000e+00
0.000000000000000000e+00 6.410260000000000090e-03 -1.000000000000000000e+00
0.000000000000000000e+00 5.128210000000000233e-03 -1.000000000000000000e+00
0.000000000000000000e+00 6.410260000000000090e-03 -1.000000000000000000e+00
0.000000000000000000e+00 5.641030000000000003e-03 -1.000000000000000000e+00
0.000000000000000000e+00 6.410260000000000090e-03 -1.000000000000000000e+00
0.000000000000000000e+00 6.410260000000000090e-03 -1.000000000000000000e+00
0.000000000000000000e+00 6.410260000000000090e-03 -1.000000000000000000e+00
0.000000000000000000e+00 5.897440000000000321e-03 -1.000000000000000000e+00
