0.000000000000000000e+00 0.000000000000000000e+00 -1.000000000000000000e+00
0.000000000000000000e+00 4.105260000000000332e-03 -1.000000000000000000e+00
0.000000000000000000e+00 4.631579999999999725e-03 -1.000000000000000000e+00
0.000000000000000000e+00 3.052630000000000187e-03 3.421050000000000132e-03
0.000000000000000000e+00 3.315789999999999883e-03 4.052629999999999774e-03
0.000000000000000000e+00 2.473679999999999803e-03 -1.000000000000000000e+00
0.000000000000000000e+00 3.473679999999999823e-03 -1.000000000000000000e+00
0.000000000000000000e+00 4.421050000000000153e-03 -1.000000000000000000e+00
0.000000000000000000e+00 4.526320000000000343e-03 -1.000000000000000000e+00
0.000000000000000000e+00 4.315789999999999904e-03 -1.000000000000000000e+00
0.000000000000000000e+00 4.421050000000000153e-03 -1.000000000000000000e+00
0.000000000000000000e+00 4.473679999999999844e-03 -1.000000000000000000e+00
