0.000000000000000000e+00 2.990650000000000079e-03 -1.000000000000000000e+00
0.000000000000000000e+00 0.000000000000000000e+00 -1.000000000000000000e+00
0.000000000000000000e+00 2.990650000000000079e-03 -1.000000000000000000e+00
0.000000000000000000e+00 1.401869999999999939e-03 -1.000000000000000000e+00
0.000000000000000000e+00 2.056070000000000120e-03 -1.000000000000000000e+00
0.000000000000000000e+00 2.523360000000000099e-03 -1.000000000000000000e+00
0.000000000000000000e+00 2.616820000000000170e-03 -1.000000000000000000e+00
0.000000000000000000e+00 2.803739999999999878e-03 -1.000000000000000000e+00
0.000000000000000000e+00 2.897199999999999949e-03 -1.000000000000000000e+00
0.000000000000000000e+00 2.990650000000000079e-03 -1.000000000000000000e+00
