0.000000000000000000e+00 1.027399999999999955e-04 3.082189999999999843e-04
0.000000000000000000e+00 0.000000000000000000e+00 -1.000000000000000000e+00
0.000000000000000000e+00 3.767120000000000212e-04 5.136989999999999482e-04
0.000000000000000000e+00 3.424659999999999835e-04 -1.000000000000000000e+00
0.000000000000000000e+00 6.164379999999999686e-04 6.849319999999999671e-04
0.000000000000000000e+00 5.479449999999999859e-04 -1.000000000000000000e+00
0.000000000000000000e+00 6.849319999999999671e-04 7.191780000000000048e-04
0.000000000000000000e+00 6.849319999999999671e-04 -1.000000000000000000e+00
0.000000000000000000e+00 7.534249999999999498e-04 -1.000000000000000000e+00
0.000000000000000000e+00 7.876709999999999875e-04 -1.000000000000000000e+00
