0.000000000000000000e+00 6.849319999999999671e-04 7.876709999999999875e-04
0.000000000000000000e+00 8.904110000000000236e-04 1.095889999999999972e-03
0.000000000000000000e+00 1.849320000000000000e-03 -1.000000000000000000e+00
0.000000000000000000e+00 1.849320000000000000e-03 -1.000000000000000000e+00
0.000000000000000000e+00 0.000000000000000000e+00 -1.000000000000000000e+00
0.000000000000000000e+00 1.712329999999999972e-03 -1.000000000000000000e+00
0.000000000000000000e+00 1.301370000000000044e-03 -1.000000000000000000e+00
0.000000000000000000e+00 1.404110000000000080e-03 -1.000000000000000000e+00
0.000000000000000000e+00 1.506849999999999900e-03 1.575339999999999943e-03
0.000000000000000000e+00 1.472599999999999907e-03 -1.000000000000000000e+00
0.000000000000000000e+00 1.575339999999999943e-03 -1.000000000000000000e+00
0.000000000000000000e+00 1.815070000000000008e-03 -1.000000000000000000e+00
