0.000000000000000000e+00 0.000000000000000000e+00 -1.000000000000000000e+00
0.000000000000000000e+00 2.947369999999999938e-03 -1.000000000000000000e+00
0.000000000000000000e+00 3.105259999999999878e-03 -1.000000000000000000e+00
0.000000000000000000e+00 2.578949999999999992e-03 2.789470000000000057e-03
0.000000000000000000e+00 2.368419999999999987e-03 -1.000000000000000000e+00
0.000000000000000000e+00 2.789470000000000057e-03 3.105259999999999878e-03
0.000000000000000000e+00 2.947369999999999938e-03 3.105259999999999878e-03
0.000000000000000000e+00 2.789470000000000057e-03 -1.000000000000000000e+00
0.000000000000000000e+00 3.052630000000000187e-03 -1.000000000000000000e+00
0.000000000000000000e+00 3.105259999999999878e-03 -1.000000000000000000e+00
0.000000000000000000e+00 3.105259999999999878e-03 -1.000000000000000000e+00
0.000000000000000000e+00 3.105259999999999878e-03 -1.000000000000000000e+00
0.000000000000000000e+00 3.105259999999999878e-03 -1.000000000000000000e+00
