0.000000000000000000e+00 1.792110000000000025e-04 4.659500000000000230e-04
0.000000000000000000e+00 0.000000000000000000e+00 -1.000000000000000000e+00
0.000000000000000000e+00 0.000000000000000000e+00 -1.000000000000000000e+00
0.000000000000000000e+00 3.584230000000000207e-04 -1.000000000000000000e+00
0.000000000000000000e+00 0.000000000000000000e+00 -1.000000000000000000e+00
0.000000000000000000e+00 3.942649999999999801e-04 -1.000000000000000000e+00
0.000000000000000000e+00 5.734769999999999712e-04 6.093189999999999848e-04
0.000000000000000000e+00 5.017920000000000366e-04 -1.000000000000000000e+00
0.000000000000000000e+00 3.942649999999999801e-04 -1.000000000000000000e+00
0.000000000000000000e+00 5.734769999999999712e-04 -1.000000000000000000e+00
0.000000000000000000e+00 6.093189999999999848e-04 -1.000000000000000000e+00
0.000000000000000000e+00 6.093189999999999848e-04 -1.000000000000000000e+00
