0.000000000000000000e+00 9.345790000000000521e-04 1.028040000000000030e-03
0.000000000000000000e+00 0.000000000000000000e+00 -1.000000000000000000e+00
0.000000000000000000e+00 1.401869999999999939e-03 -1.000000000000000000e+00
0.000000000000000000e+00 1.028040000000000030e-03 1.121500000000000101e-03
0.000000000000000000e+00 1.028040000000000030e-03 1.214950000000000014e-03
0.000000000000000000e+00 1.121500000000000101e-03 1.495330000000000010e-03
0.000000000000000000e+00 9.345790000000000521e-04 -1.000000000000000000e+00
0.000000000000000000e+00 1.121500000000000101e-03 -1.000000000000000000e+00
0.000000000000000000e+00 1.495330000000000010e-03 -1.000000000000000000e+00
0.000000000000000000e+00 1.495330000000000010e-03 -1.000000000000000000e+00
0.000000000000000000e+00 1.495330000000000010e-03 -1.000000000000000000e+00
0.000000000000000000e+00 1.308410000000000085e-03 -1.000000000000000000e+00
0.000000000000000000e+00 1.401869999999999939e-03 -1.000000000000000000e+00
0.000000000000000000e+00 1.495330000000000010e-03 -1.000000000000000000e+00
0.000000000000000000e+00 1.401869999999999939e-03 -1.000000000000000000e+00
0.000000000000000000e+00 1.495330000000000010e-03 -1.000000000000000000e+00
0.000000000000000000e+00 1.495330000000000010e-03 -1.000000000000000000e+00
0.000000000000000000e+00 1.495330000000000010e-03 -1.000000000000000000e+00
