0.000000000000000000e+00 0.000000000000000000e+00 -1.000000000000000000e+00
0.000000000000000000e+00 3.473679999999999823e-03 -1.000000000000000000e+00
0.000000000000000000e+00 3.789470000000000078e-03 -1.000000000000000000e+00
0.000000000000000000e+00 3.894739999999999834e-03 -1.000000000000000000e+00
0.000000000000000000e+00 3.684209999999999829e-03 -1.000000000000000000e+00
0.000000000000000000e+00 3.631580000000000138e-03 -1.000000000000000000e+00
0.000000000000000000e+00 3.684209999999999829e-03 -1.000000000000000000e+00
0.000000000000000000e+00 3.789470000000000078e-03 3.842110000000000143e-03
0.000000000000000000e+00 3.789470000000000078e-03 -1.000000000000000000e+00
0.000000000000000000e+00 3.842110000000000143e-03 -1.000000000000000000e+00
0.000000000000000000e+00 3.894739999999999834e-03 -1.000000000000000000e+00
0.000000000000000000e+00 3.947370000000000392e-03 -1.000000000000000000e+00
