0.000000000000000000e+00 0.000000000000000000e+00 -1.000000000000000000e+00
0.000000000000000000e+00 4.411759999999999814e-03 -1.000000000000000000e+00
0.000000000000000000e+00 4.705879999999999959e-03 -1.000000000000000000e+00
0.000000000000000000e+00 1.470589999999999918e-03 -1.000000000000000000e+00
0.000000000000000000e+00 1.862750000000000039e-03 -1.000000000000000000e+00
0.000000000000000000e+00 4.215690000000000236e-03 -1.000000000000000000e+00
0.000000000000000000e+00 4.705879999999999959e-03 -1.000000000000000000e+00
0.000000000000000000e+00 4.803919999999999718e-03 4.901960000000000345e-03
0.000000000000000000e+00 4.705879999999999959e-03 -1.000000000000000000e+00
0.000000000000000000e+00 4.901960000000000345e-03 -1.000000000000000000e+00
0.000000000000000000e+00 4.901960000000000345e-03 -1.000000000000000000e+00
