0.000000000000000000e+00 6.250000000000000130e-04 2.343749999999999913e-03
0.000000000000000000e+00 3.749999999999999861e-03 -1.000000000000000000e+00
0.000000000000000000e+00 0.000000000000000000e+00 -1.000000000000000000e+00
0.000000000000000000e+00 6.093750000000000208e-03 -1.000000000000000000e+00
0.000000000000000000e+00 5.624999999999999792e-03 -1.000000000000000000e+00
0.000000000000000000e+00 2.343749999999999913e-03 -1.000000000000000000e+00
0.000000000000000000e+00 2.812499999999999896e-03 -1.000000000000000000e+00
0.000000000000000000e+00 4.843749999999999965e-03 -1.000000000000000000e+00
0.000000000000000000e+00 5.156250000000000243e-03 -1.000000000000000000e+00
0.000000000000000000e+00 5.468749999999999653e-03 -1.000000000000000000e+00
0.000000000000000000e+00 6.406249999999999618e-03 -1.000000000000000000e+00
