0.000000000000000000e+00 6.542059999999999499e-04 7.476639999999999892e-04
0.000000000000000000e+00 0.000000000000000000e+00 -1.000000000000000000e+00
0.000000000000000000e+00 1.682239999999999994e-03 -1.000000000000000000e+00
0.000000000000000000e+00 1.495330000000000010e-03 -1.000000000000000000e+00
0.000000000000000000e+00 1.682239999999999994e-03 -1.000000000000000000e+00
0.000000000000000000e+00 9.345790000000000521e-04 1.214950000000000014e-03
0.000000000000000000e+00 8.411210000000000128e-04 -1.000000000000000000e+00
0.000000000000000000e+00 1.308410000000000085e-03 -1.000000000000000000e+00
0.000000000000000000e+00 1.401869999999999939e-03 -1.000000000000000000e+00
0.000000000000000000e+00 1.588790000000000081e-03 1.682239999999999994e-03
0.000000000000000000e+00 1.495330000000000010e-03 -1.000000000000000000e+00
0.000000000000000000e+00 1.682239999999999994e-03 -1.000000000000000000e+00
0.000000000000000000e+00 1.682239999999999994e-03 -1.000000000000000000e+00
