0.000000000000000000e+00 2.533329999999999870e-03 -1.000000000000000000e+00
0.000000000000000000e+00 0.000000000000000000e+00 -1.000000000000000000e+00
0.000000000000000000e+00 2.533329999999999870e-03 -1.000000000000000000e+00
0.000000000000000000e+00 2.533329999999999870e-03 -1.000000000000000000e+00
0.000000000000000000e+00 1.600000000000000077e-03 1.933330000000000031e-03
0.000000000000000000e+00 1.333329999999999975e-03 -1.000000000000000000e+00
0.000000000000000000e+00 2.000000000000000042e-03 2.066670000000000052e-03
0.000000000000000000e+00 1.866669999999999961e-03 -1.000000000000000000e+00
0.000000000000000000e+00 2.133330000000000122e-03 -1.000000000000000000e+00
0.000000000000000000e+00 2.200000000000000133e-03 2.333330000000000213e-03
0.000000000000000000e+00 2.333330000000000213e-03 2.399999999999999790e-03
0.000000000000000000e+00 2.200000000000000133e-03 -1.000000000000000000e+00
0.000000000000000000e+00 2.399999999999999790e-03 2.533329999999999870e-03
0.000000000000000000e+00 2.399999999999999790e-03 -1.000000000000000000e+00
0.000000000000000000e+00 2.533329999999999870e-03 -1.000000000000000000e+00
0.000000000000000000e+00 2.533329999999999870e-03 -1.000000000000000000e+00
