0.000000000000000000e+00 7.168460000000000142e-05 1.433689999999999889e-04
0.000000000000000000e+00 7.168460000000000413e-04 7.885299999999999601e-04
0.000000000000000000e+00 0.000000000000000000e+00 -1.000000000000000000e+00
0.000000000000000000e+00 9.677419999999999512e-04 -1.000000000000000000e+00
0.000000000000000000e+00 9.319000000000000460e-04 -1.000000000000000000e+00
0.000000000000000000e+00 6.451609999999999984e-04 -1.000000000000000000e+00
0.000000000000000000e+00 1.003580000000000010e-03 -1.000000000000000000e+00
0.000000000000000000e+00 1.075269999999999915e-03 -1.000000000000000000e+00
0.000000000000000000e+00 4.301080000000000094e-04 -1.000000000000000000e+00
0.000000000000000000e+00 7.168460000000000413e-04 -1.000000000000000000e+00
0.000000000000000000e+00 1.218640000000000001e-03 -1.000000000000000000e+00
0.000000000000000000e+00 9.677419999999999512e-04 -1.000000000000000000e+00
