0.000000000000000000e+00 3.101510000000000031e-03 3.459380000000000181e-03
0.000000000000000000e+00 0.000000000000000000e+00 -1.000000000000000000e+00
0.000000000000000000e+00 6.083739999999999808e-03 -1.000000000000000000e+00
0.000000000000000000e+00 3.697960000000000136e-03 -1.000000000000000000e+00
0.000000000000000000e+00 5.606579999999999897e-03 -1.000000000000000000e+00
0.000000000000000000e+00 5.964449999999999613e-03 -1.000000000000000000e+00
0.000000000000000000e+00 6.322320000000000197e-03 -1.000000000000000000e+00
0.000000000000000000e+00 6.918760000000000361e-03 -1.000000000000000000e+00
0.000000000000000000e+00 7.038049999999999688e-03 -1.000000000000000000e+00
0.000000000000000000e+00 7.038049999999999688e-03 -1.000000000000000000e+00
0.000000000000000000e+00 7.038049999999999688e-03 -1.000000000000000000e+00
