0.000000000000000000e+00 1.145830000000000026e-03 2.708330000000000112e-03
0.000000000000000000e+00 0.000000000000000000e+00 -1.000000000000000000e+00
0.000000000000000000e+00 6.041669999999999853e-03 -1.000000000000000000e+00
0.000000000000000000e+00 4.687499999999999827e-03 -1.000000000000000000e+00
0.000000000000000000e+00 5.208329999999999514e-04 -1.000000000000000000e+00
0.000000000000000000e+00 1.250000000000000026e-03 -1.000000000000000000e+00
0.000000000000000000e+00 5.416670000000000165e-03 5.937500000000000069e-03
0.000000000000000000e+00 5.416670000000000165e-03 -1.000000000000000000e+00
0.000000000000000000e+00 5.937500000000000069e-03 -1.000000000000000000e+00
0.000000000000000000e+00 5.937500000000000069e-03 -1.000000000000000000e+00
0.000000000000000000e+00 5.937500000000000069e-03 -1.000000000000000000e+00
