0.000000000000000000e+00 0.000000000000000000e+00 -1.000000000000000000e+00
0.000000000000000000e+00 5.111110000000000306e-03 -1.000000000000000000e+00
0.000000000000000000e+00 5.444440000000000043e-03 -1.000000000000000000e+00
0.000000000000000000e+00 6.666670000000000408e-03 -1.000000000000000000e+00
0.000000000000000000e+00 7.333329999999999883e-03 -1.000000000000000000e+00
0.000000000000000000e+00 7.333329999999999883e-03 -1.000000000000000000e+00
0.000000000000000000e+00 7.000000000000000146e-03 -1.000000000000000000e+00
0.000000000000000000e+00 6.444440000000000064e-03 -1.000000000000000000e+00
0.000000000000000000e+00 7.333329999999999883e-03 -1.000000000000000000e+00
0.000000000000000000e+00 7.333329999999999883e-03 -1.000000000000000000e+00
0.000000000000000000e+00 7.222219999999999682e-03 -1.000000000000000000e+00
