0.000000000000000000e+00 0.000000000000000000e+00 -1.000000000000000000e+00
0.000000000000000000e+00 1.684210000000000004e-03 -1.000000000000000000e+00
0.000000000000000000e+00 3.789470000000000078e-03 -1.000000000000000000e+00
0.000000000000000000e+00 3.631580000000000138e-03 -1.000000000000000000e+00
0.000000000000000000e+00 1.631580000000000096e-03 -1.000000000000000000e+00
0.000000000000000000e+00 3.368420000000000008e-03 -1.000000000000000000e+00
0.000000000000000000e+00 2.105259999999999857e-03 3.263160000000000192e-03
0.000000000000000000e+00 3.473679999999999823e-03 3.526319999999999889e-03
0.000000000000000000e+00 2.000000000000000042e-03 -1.000000000000000000e+00
0.000000000000000000e+00 3.789470000000000078e-03 -1.000000000000000000e+00
0.000000000000000000e+00 3.263160000000000192e-03 3.736839999999999953e-03
0.000000000000000000e+00 3.263160000000000192e-03 -1.000000000000000000e+00
0.000000000000000000e+00 3.736839999999999953e-03 -1.000000000000000000e+00
0.000000000000000000e+00 3.789470000000000078e-03 -1.000000000000000000e+00
0.000000000000000000e+00 3.842110000000000143e-03 -1.000000000000000000e+00
0.000000000000000000e+00 3.315789999999999883e-03 -1.000000000000000000e+00
0.000000000000000000e+00 3.736839999999999953e-03 -1.000000000000000000e+00
0.000000000000000000e+00 3.736839999999999953e-03 -1.000000000000000000e+00
