0.000000000000000000e+00 5.964450000000000264e-04 7.157339999999999883e-04
0.000000000000000000e+00 0.000000000000000000e+00 -1.000000000000000000e+00
0.000000000000000000e+00 5.964450000000000264e-04 -1.000000000000000000e+00
0.000000000000000000e+00 9.543120000000000205e-04 -1.000000000000000000e+00
0.000000000000000000e+00 9.543120000000000205e-04 1.073600000000000075e-03
0.000000000000000000e+00 9.543120000000000205e-04 -1.000000000000000000e+00
0.000000000000000000e+00 9.543120000000000205e-04 -1.000000000000000000e+00
0.000000000000000000e+00 1.073600000000000075e-03 -1.000000000000000000e+00
0.000000000000000000e+00 1.073600000000000075e-03 -1.000000000000000000e+00
0.000000000000000000e+00 1.073600000000000075e-03 -1.000000000000000000e+00
0.000000000000000000e+00 1.073600000000000075e-03 -1.000000000000000000e+00
