0.000000000000000000e+00 0.000000000000000000e+00 -1.000000000000000000e+00
0.000000000000000000e+00 1.842110000000000102e-03 -1.000000000000000000e+00
0.000000000000000000e+00 6.315789999999999512e-04 -1.000000000000000000e+00
0.000000000000000000e+00 1.157889999999999961e-03 1.315790000000000059e-03
0.000000000000000000e+00 1.157889999999999961e-03 -1.000000000000000000e+00
0.000000000000000000e+00 1.315790000000000059e-03 1.368419999999999966e-03
0.000000000000000000e+00 1.315790000000000059e-03 -1.000000000000000000e+00
0.000000000000000000e+00 1.631580000000000096e-03 -1.000000000000000000e+00
0.000000000000000000e+00 1.789470000000000036e-03 -1.000000000000000000e+00
0.000000000000000000e+00 1.684210000000000004e-03 -1.000000000000000000e+00
