0.000000000000000000e+00 7.936510000000000353e-05 3.174599999999999861e-04
0.000000000000000000e+00 1.587299999999999931e-04 4.761899999999999792e-04
0.000000000000000000e+00 0.000000000000000000e+00 -1.000000000000000000e+00
0.000000000000000000e+00 4.761899999999999792e-04 -1.000000000000000000e+00
0.000000000000000000e+00 4.761899999999999792e-04 6.349209999999999880e-04
0.000000000000000000e+00 3.968250000000000098e-04 -1.000000000000000000e+00
0.000000000000000000e+00 6.349209999999999880e-04 -1.000000000000000000e+00
0.000000000000000000e+00 6.349209999999999880e-04 -1.000000000000000000e+00
0.000000000000000000e+00 6.349209999999999880e-04 -1.000000000000000000e+00
0.000000000000000000e+00 6.349209999999999880e-04 -1.000000000000000000e+00
