0.000000000000000000e+00 1.815070000000000008e-03 3.732880000000000052e-03
0.000000000000000000e+00 0.000000000000000000e+00 -1.000000000000000000e+00
0.000000000000000000e+00 4.212330000000000241e-03 -1.000000000000000000e+00
0.000000000000000000e+00 4.383559999999999887e-03 -1.000000000000000000e+00
0.000000000000000000e+00 4.452049999999999931e-03 -1.000000000000000000e+00
0.000000000000000000e+00 3.904110000000000132e-03 4.006850000000000168e-03
0.000000000000000000e+00 3.869860000000000140e-03 4.349320000000000269e-03
0.000000000000000000e+00 3.321919999999999908e-03 -1.000000000000000000e+00
0.000000000000000000e+00 4.452049999999999931e-03 -1.000000000000000000e+00
0.000000000000000000e+00 4.075340000000000212e-03 -1.000000000000000000e+00
0.000000000000000000e+00 4.349320000000000269e-03 -1.000000000000000000e+00
0.000000000000000000e+00 4.246579999999999799e-03 -1.000000000000000000e+00
0.000000000000000000e+00 4.349320000000000269e-03 -1.000000000000000000e+00
