0.000000000000000000e+00 0.000000000000000000e+00 -1.000000000000000000e+00
0.000000000000000000e+00 5.555560000000000186e-04 -1.000000000000000000e+00
0.000000000000000000e+00 3.333330000000000017e-04 -1.000000000000000000e+00
0.000000000000000000e+00 5.555560000000000186e-04 -1.000000000000000000e+00
0.000000000000000000e+00 5.555560000000000186e-04 6.666670000000000191e-04
0.000000000000000000e+00 4.444440000000000023e-04 -1.000000000000000000e+00
0.000000000000000000e+00 6.666670000000000191e-04 -1.000000000000000000e+00
0.000000000000000000e+00 6.666670000000000191e-04 -1.000000000000000000e+00
0.000000000000000000e+00 6.666670000000000191e-04 -1.000000000000000000e+00
0.000000000000000000e+00 6.666670000000000191e-04 -1.000000000000000000e+00
