0.000000000000000000e+00 5.263159999999999800e-04 6.842109999999999989e-04
0.000000000000000000e+00 0.000000000000000000e+00 -1.000000000000000000e+00
0.000000000000000000e+00 5.263159999999999936e-05 -1.000000000000000000e+00
0.000000000000000000e+00 1.473679999999999999e-03 -1.000000000000000000e+00
0.000000000000000000e+00 1.210530000000000026e-03 1.263159999999999934e-03
0.000000000000000000e+00 1.052629999999999929e-03 -1.000000000000000000e+00
0.000000000000000000e+00 1.368419999999999966e-03 1.421050000000000091e-03
0.000000000000000000e+00 1.315790000000000059e-03 1.421050000000000091e-03
0.000000000000000000e+00 1.263159999999999934e-03 -1.000000000000000000e+00
0.000000000000000000e+00 1.421050000000000091e-03 -1.000000000000000000e+00
0.000000000000000000e+00 1.421050000000000091e-03 -1.000000000000000000e+00
0.000000000000000000e+00 1.421050000000000091e-03 -1.000000000000000000e+00
0.000000000000000000e+00 1.473679999999999999e-03 -1.000000000000000000e+00
