0.000000000000000000e+00 2.795699999999999921e-03 -1.000000000000000000e+00
0.000000000000000000e+00 0.000000000000000000e+00 -1.000000000000000000e+00
0.000000000000000000e+00 3.369179999999999831e-03 -1.000000000000000000e+00
0.000000000000000000e+00 3.405019999999999922e-03 -1.000000000000000000e+00
0.000000000000000000e+00 3.476700000000000103e-03 -1.000000000000000000e+00
0.000000000000000000e+00 3.655910000000000062e-03 -1.000000000000000000e+00
0.000000000000000000e+00 3.620069999999999972e-03 -1.000000000000000000e+00
0.000000000000000000e+00 3.655910000000000062e-03 -1.000000000000000000e+00
0.000000000000000000e+00 3.691760000000000094e-03 -1.000000000000000000e+00
0.000000000000000000e+00 3.691760000000000094e-03 -1.000000000000000000e+00
