0.000000000000000000e+00 1.308789999999999997e-03 -1.000000000000000000e+00
0.000000000000000000e+00 1.226990000000000068e-03 -1.000000000000000000e+00
0.000000000000000000e+00 0.000000000000000000e+00 -1.000000000000000000e+00
0.000000000000000000e+00 1.308789999999999997e-03 -1.000000000000000000e+00
0.000000000000000000e+00 1.186090000000000104e-03 -1.000000000000000000e+00
0.000000000000000000e+00 9.815950000000000369e-04 -1.000000000000000000e+00
0.000000000000000000e+00 1.226990000000000068e-03 -1.000000000000000000e+00
0.000000000000000000e+00 1.308789999999999997e-03 -1.000000000000000000e+00
0.000000000000000000e+00 1.308789999999999997e-03 -1.000000000000000000e+00
0.000000000000000000e+00 1.042940000000000013e-03 -1.000000000000000000e+00
0.000000000000000000e+00 6.952969999999999940e-04 -1.000000000000000000e+00
0.000000000000000000e+00 1.308789999999999997e-03 -1.000000000000000000e+00
