0.000000000000000000e+00 8.947370000000000496e-04 1.052629999999999929e-03
0.000000000000000000e+00 0.000000000000000000e+00 -1.000000000000000000e+00
0.000000000000000000e+00 5.789470000000000120e-04 -1.000000000000000000e+00
0.000000000000000000e+00 1.315790000000000059e-03 -1.000000000000000000e+00
0.000000000000000000e+00 1.052629999999999929e-03 -1.000000000000000000e+00
0.000000000000000000e+00 1.105260000000000053e-03 1.210530000000000026e-03
0.000000000000000000e+00 7.894739999999999700e-04 -1.000000000000000000e+00
0.000000000000000000e+00 1.105260000000000053e-03 -1.000000000000000000e+00
0.000000000000000000e+00 1.263159999999999934e-03 -1.000000000000000000e+00
0.000000000000000000e+00 1.210530000000000026e-03 -1.000000000000000000e+00
0.000000000000000000e+00 1.315790000000000059e-03 -1.000000000000000000e+00
