0.000000000000000000e+00 1.125829999999999973e-03 -1.000000000000000000e+00
0.000000000000000000e+00 1.788080000000000051e-03 -1.000000000000000000e+00
0.000000000000000000e+00 2.715229999999999901e-03 -1.000000000000000000e+00
0.000000000000000000e+00 2.052979999999999822e-03 -1.000000000000000000e+00
0.000000000000000000e+00 0.000000000000000000e+00 -1.000000000000000000e+00
0.000000000000000000e+00 2.781459999999999922e-03 -1.000000000000000000e+00
0.000000000000000000e+00 2.649009999999999820e-03 -1.000000000000000000e+00
0.000000000000000000e+00 2.715229999999999901e-03 -1.000000000000000000e+00
0.000000000000000000e+00 2.384110000000000049e-03 -1.000000000000000000e+00
0.000000000000000000e+00 2.450330000000000129e-03 -1.000000000000000000e+00
