0.000000000000000000e+00 0.000000000000000000e+00 -1.000000000000000000e+00
0.000000000000000000e+00 6.542059999999999499e-04 -1.000000000000000000e+00
0.000000000000000000e+00 1.121500000000000101e-03 -1.000000000000000000e+00
0.000000000000000000e+00 1.214950000000000014e-03 -1.000000000000000000e+00
0.000000000000000000e+00 1.775700000000000065e-03 1.962619999999999990e-03
0.000000000000000000e+00 1.682239999999999994e-03 -1.000000000000000000e+00
0.000000000000000000e+00 1.962619999999999990e-03 -1.000000000000000000e+00
0.000000000000000000e+00 1.962619999999999990e-03 -1.000000000000000000e+00
0.000000000000000000e+00 2.242989999999999828e-03 -1.000000000000000000e+00
0.000000000000000000e+00 2.616820000000000170e-03 2.803739999999999878e-03
0.000000000000000000e+00 2.429909999999999969e-03 -1.000000000000000000e+00
0.000000000000000000e+00 2.803739999999999878e-03 -1.000000000000000000e+00
0.000000000000000000e+00 2.803739999999999878e-03 -1.000000000000000000e+00
0.000000000000000000e+00 2.803739999999999878e-03 -1.000000000000000000e+00
0.000000000000000000e+00 2.803739999999999878e-03 -1.000000000000000000e+00
