0.000000000000000000e+00 5.789470000000000120e-04 7.368420000000000308e-04
0.000000000000000000e+00 8.421050000000000020e-04 2.421050000000000112e-03
0.000000000000000000e+00 0.000000000000000000e+00 -1.000000000000000000e+00
0.000000000000000000e+00 3.052630000000000187e-03 -1.000000000000000000e+00
0.000000000000000000e+00 3.052630000000000187e-03 -1.000000000000000000e+00
0.000000000000000000e+00 3.052630000000000187e-03 -1.000000000000000000e+00
0.000000000000000000e+00 3.315789999999999883e-03 -1.000000000000000000e+00
0.000000000000000000e+00 2.000000000000000042e-03 2.105259999999999857e-03
0.000000000000000000e+00 1.894740000000000009e-03 -1.000000000000000000e+00
0.000000000000000000e+00 3.210530000000000068e-03 -1.000000000000000000e+00
0.000000000000000000e+00 3.157890000000000003e-03 -1.000000000000000000e+00
0.000000000000000000e+00 2.368419999999999987e-03 -1.000000000000000000e+00
0.000000000000000000e+00 3.105259999999999878e-03 3.263160000000000192e-03
0.000000000000000000e+00 2.631580000000000117e-03 -1.000000000000000000e+00
0.000000000000000000e+00 3.157890000000000003e-03 -1.000000000000000000e+00
0.000000000000000000e+00 3.000000000000000062e-03 -1.000000000000000000e+00
0.000000000000000000e+00 3.315789999999999883e-03 -1.000000000000000000e+00
0.000000000000000000e+00 3.315789999999999883e-03 -1.000000000000000000e+00
0.000000000000000000e+00 3.315789999999999883e-03 -1.000000000000000000e+00
0.000000000000000000e+00 3.105259999999999878e-03 -1.000000000000000000e+00
0.000000000000000000e+00 3.210530000000000068e-03 -1.000000000000000000e+00
