0.000000000000000000e+00 0.000000000000000000e+00 -1.000000000000000000e+00
0.000000000000000000e+00 2.666669999999999891e-03 -1.000000000000000000e+00
0.000000000000000000e+00 2.555560000000000123e-03 2.888889999999999861e-03
0.000000000000000000e+00 2.555560000000000123e-03 -1.000000000000000000e+00
0.000000000000000000e+00 2.888889999999999861e-03 -1.000000000000000000e+00
0.000000000000000000e+00 3.444440000000000002e-03 3.777780000000000114e-03
0.000000000000000000e+00 3.000000000000000062e-03 -1.000000000000000000e+00
0.000000000000000000e+00 3.777780000000000114e-03 -1.000000000000000000e+00
0.000000000000000000e+00 3.888889999999999882e-03 -1.000000000000000000e+00
0.000000000000000000e+00 4.111110000000000285e-03 -1.000000000000000000e+00
0.000000000000000000e+00 3.777780000000000114e-03 -1.000000000000000000e+00
