0.000000000000000000e+00 3.684210000000000154e-04 4.210530000000000089e-04
0.000000000000000000e+00 0.000000000000000000e+00 -1.000000000000000000e+00
0.000000000000000000e+00 1.052629999999999929e-03 -1.000000000000000000e+00
0.000000000000000000e+00 1.052629999999999929e-03 -1.000000000000000000e+00
0.000000000000000000e+00 1.105260000000000053e-03 -1.000000000000000000e+00
0.000000000000000000e+00 4.210530000000000089e-04 -1.000000000000000000e+00
0.000000000000000000e+00 1.263159999999999934e-03 -1.000000000000000000e+00
0.000000000000000000e+00 9.473679999999999731e-04 -1.000000000000000000e+00
0.000000000000000000e+00 1.210530000000000026e-03 -1.000000000000000000e+00
0.000000000000000000e+00 1.105260000000000053e-03 -1.000000000000000000e+00
0.000000000000000000e+00 1.210530000000000026e-03 -1.000000000000000000e+00
0.000000000000000000e+00 1.263159999999999934e-03 -1.000000000000000000e+00
