0.000000000000000000e+00 6.666669999999999649e-05 2.666670000000000000e-04
0.000000000000000000e+00 6.666669999999999649e-05 3.333330000000000017e-04
0.000000000000000000e+00 9.333329999999999491e-04 -1.000000000000000000e+00
0.000000000000000000e+00 0.000000000000000000e+00 -1.000000000000000000e+00
0.000000000000000000e+00 1.133330000000000101e-03 -1.000000000000000000e+00
0.000000000000000000e+00 4.000000000000000192e-04 5.999999999999999474e-04
0.000000000000000000e+00 3.333330000000000017e-04 6.666670000000000191e-04
0.000000000000000000e+00 2.666670000000000000e-04 -1.000000000000000000e+00
0.000000000000000000e+00 8.666670000000000016e-04 9.333329999999999491e-04
0.000000000000000000e+00 6.666670000000000191e-04 -1.000000000000000000e+00
0.000000000000000000e+00 9.333329999999999491e-04 -1.000000000000000000e+00
0.000000000000000000e+00 1.066670000000000031e-03 -1.000000000000000000e+00
0.000000000000000000e+00 1.066670000000000031e-03 -1.000000000000000000e+00
