0.000000000000000000e+00 0.000000000000000000e+00 -1.000000000000000000e+00
0.000000000000000000e+00 3.319840000000000117e-03 -1.000000000000000000e+00
0.000000000000000000e+00 3.724700000000000059e-03 -1.000000000000000000e+00
0.000000000000000000e+00 3.603240000000000175e-03 3.643720000000000032e-03
0.000000000000000000e+00 1.943319999999999900e-03 -1.000000000000000000e+00
0.000000000000000000e+00 3.603240000000000175e-03 -1.000000000000000000e+00
0.000000000000000000e+00 3.724700000000000059e-03 -1.000000000000000000e+00
0.000000000000000000e+00 3.400810000000000204e-03 -1.000000000000000000e+00
0.000000000000000000e+00 3.684209999999999829e-03 -1.000000000000000000e+00
0.000000000000000000e+00 3.684209999999999829e-03 -1.000000000000000000e+00
0.000000000000000000e+00 3.765179999999999916e-03 -1.000000000000000000e+00
