0.000000000000000000e+00 5.761589999999999594e-03 5.894039999999999696e-03
0.000000000000000000e+00 0.000000000000000000e+00 -1.000000000000000000e+00
0.000000000000000000e+00 4.304640000000000202e-03 -1.000000000000000000e+00
0.000000000000000000e+00 2.715229999999999901e-03 -1.000000000000000000e+00
0.000000000000000000e+00 5.960260000000000211e-03 -1.000000000000000000e+00
0.000000000000000000e+00 5.894039999999999696e-03 -1.000000000000000000e+00
0.000000000000000000e+00 5.827810000000000108e-03 -1.000000000000000000e+00
0.000000000000000000e+00 5.562909999999999903e-03 -1.000000000000000000e+00
0.000000000000000000e+00 6.026489999999999798e-03 -1.000000000000000000e+00
0.000000000000000000e+00 5.960260000000000211e-03 -1.000000000000000000e+00
0.000000000000000000e+00 6.026489999999999798e-03 -1.000000000000000000e+00
