0.000000000000000000e+00 0.000000000000000000e+00 -1.000000000000000000e+00
0.000000000000000000e+00 4.089979999999999896e-04 -1.000000000000000000e+00
0.000000000000000000e+00 1.145189999999999923e-03 -1.000000000000000000e+00
0.000000000000000000e+00 1.165639999999999905e-03 -1.000000000000000000e+00
0.000000000000000000e+00 9.815950000000000369e-04 -1.000000000000000000e+00
0.000000000000000000e+00 1.104289999999999959e-03 -1.000000000000000000e+00
0.000000000000000000e+00 1.124739999999999941e-03 -1.000000000000000000e+00
0.000000000000000000e+00 9.406949999999999644e-04 -1.000000000000000000e+00
0.000000000000000000e+00 1.186090000000000104e-03 -1.000000000000000000e+00
0.000000000000000000e+00 9.815950000000000369e-04 -1.000000000000000000e+00
0.000000000000000000e+00 1.145189999999999923e-03 -1.000000000000000000e+00
0.000000000000000000e+00 1.165639999999999905e-03 -1.000000000000000000e+00
0.000000000000000000e+00 1.186090000000000104e-03 -1.000000000000000000e+00
