0.000000000000000000e+00 0.000000000000000000e+00 -1.000000000000000000e+00
0.000000000000000000e+00 6.666670000000000191e-04 8.000000000000000383e-04
0.000000000000000000e+00 6.666670000000000191e-04 -1.000000000000000000e+00
0.000000000000000000e+00 1.000000000000000021e-03 1.066670000000000031e-03
0.000000000000000000e+00 9.333329999999999491e-04 -1.000000000000000000e+00
0.000000000000000000e+00 1.133330000000000101e-03 -1.000000000000000000e+00
0.000000000000000000e+00 1.199999999999999895e-03 -1.000000000000000000e+00
0.000000000000000000e+00 1.266669999999999905e-03 -1.000000000000000000e+00
0.000000000000000000e+00 1.266669999999999905e-03 -1.000000000000000000e+00
0.000000000000000000e+00 1.333329999999999975e-03 -1.000000000000000000e+00
0.000000000000000000e+00 1.333329999999999975e-03 -1.000000000000000000e+00
0.000000000000000000e+00 1.333329999999999975e-03 -1.000000000000000000e+00
