0.000000000000000000e+00 5.521470000000000111e-04 7.157459999999999604e-04
0.000000000000000000e+00 5.930469999999999752e-04 7.361960000000000509e-04
0.000000000000000000e+00 0.000000000000000000e+00 -1.000000000000000000e+00
0.000000000000000000e+00 7.361960000000000509e-04 -1.000000000000000000e+00
0.000000000000000000e+00 6.134969999999999573e-04 -1.000000000000000000e+00
0.000000000000000000e+00 7.566460000000000330e-04 -1.000000000000000000e+00
0.000000000000000000e+00 6.339470000000000478e-04 -1.000000000000000000e+00
0.000000000000000000e+00 7.770960000000000150e-04 -1.000000000000000000e+00
0.000000000000000000e+00 7.770960000000000150e-04 -1.000000000000000000e+00
0.000000000000000000e+00 5.725969999999999931e-04 -1.000000000000000000e+00
0.000000000000000000e+00 7.770960000000000150e-04 -1.000000000000000000e+00
0.000000000000000000e+00 7.157459999999999604e-04 -1.000000000000000000e+00
