0.000000000000000000e+00 1.712329999999999972e-03 -1.000000000000000000e+00
0.000000000000000000e+00 1.712329999999999972e-03 -1.000000000000000000e+00
0.000000000000000000e+00 0.000000000000000000e+00 -1.000000000000000000e+00
0.000000000000000000e+00 1.643839999999999928e-03 -1.000000000000000000e+00
0.000000000000000000e+00 1.712329999999999972e-03 -1.000000000000000000e+00
0.000000000000000000e+00 1.780820000000000016e-03 -1.000000000000000000e+00
0.000000000000000000e+00 6.849319999999999671e-04 -1.000000000000000000e+00
0.000000000000000000e+00 1.404110000000000080e-03 -1.000000000000000000e+00
0.000000000000000000e+00 1.506849999999999900e-03 -1.000000000000000000e+00
0.000000000000000000e+00 1.712329999999999972e-03 -1.000000000000000000e+00
