0.000000000000000000e+00 0.000000000000000000e+00 -1.000000000000000000e+00
0.000000000000000000e+00 1.003580000000000010e-03 -1.000000000000000000e+00
0.000000000000000000e+00 9.319000000000000460e-04 -1.000000000000000000e+00
0.000000000000000000e+00 1.433690000000000051e-03 -1.000000000000000000e+00
0.000000000000000000e+00 1.218640000000000001e-03 -1.000000000000000000e+00
0.000000000000000000e+00 1.505379999999999956e-03 -1.000000000000000000e+00
0.000000000000000000e+00 6.093189999999999848e-04 -1.000000000000000000e+00
0.000000000000000000e+00 1.182799999999999910e-03 -1.000000000000000000e+00
0.000000000000000000e+00 1.577059999999999920e-03 -1.000000000000000000e+00
0.000000000000000000e+00 1.075269999999999915e-03 -1.000000000000000000e+00
0.000000000000000000e+00 1.254480000000000092e-03 -1.000000000000000000e+00
