0.000000000000000000e+00 0.000000000000000000e+00 -1.000000000000000000e+00
0.000000000000000000e+00 6.315789999999999512e-04 -1.000000000000000000e+00
0.000000000000000000e+00 1.210530000000000026e-03 -1.000000000000000000e+00
0.000000000000000000e+00 5.263159999999999800e-04 -1.000000000000000000e+00
0.000000000000000000e+00 1.210530000000000026e-03 -1.000000000000000000e+00
0.000000000000000000e+00 1.105260000000000053e-03 -1.000000000000000000e+00
0.000000000000000000e+00 1.157889999999999961e-03 1.210530000000000026e-03
0.000000000000000000e+00 1.000000000000000021e-03 -1.000000000000000000e+00
0.000000000000000000e+00 1.105260000000000053e-03 -1.000000000000000000e+00
0.000000000000000000e+00 1.210530000000000026e-03 -1.000000000000000000e+00
0.000000000000000000e+00 1.210530000000000026e-03 -1.000000000000000000e+00
0.000000000000000000e+00 1.210530000000000026e-03 -1.000000000000000000e+00
0.000000000000000000e+00 1.210530000000000026e-03 -1.000000000000000000e+00
