0.000000000000000000e+00 3.942649999999999801e-04 5.734769999999999712e-04
0.000000000000000000e+00 2.150540000000000047e-04 -1.000000000000000000e+00
0.000000000000000000e+00 0.000000000000000000e+00 -1.000000000000000000e+00
0.000000000000000000e+00 2.867379999999999777e-04 -1.000000000000000000e+00
0.000000000000000000e+00 5.734769999999999712e-04 -1.000000000000000000e+00
0.000000000000000000e+00 7.526879999999999465e-04 -1.000000000000000000e+00
0.000000000000000000e+00 5.376340000000000502e-04 -1.000000000000000000e+00
0.000000000000000000e+00 6.810040000000000277e-04 -1.000000000000000000e+00
0.000000000000000000e+00 5.734769999999999712e-04 -1.000000000000000000e+00
0.000000000000000000e+00 7.526879999999999465e-04 -1.000000000000000000e+00
0.000000000000000000e+00 6.810040000000000277e-04 -1.000000000000000000e+00
