0.000000000000000000e+00 0.000000000000000000e+00 -1.000000000000000000e+00
0.000000000000000000e+00 0.000000000000000000e+00 -1.000000000000000000e+00
0.000000000000000000e+00 3.082189999999999843e-04 -1.000000000000000000e+00
0.000000000000000000e+00 1.027399999999999955e-04 -1.000000000000000000e+00
0.000000000000000000e+00 2.397260000000000016e-04 -1.000000000000000000e+00
0.000000000000000000e+00 2.739730000000000008e-04 3.082189999999999843e-04
0.000000000000000000e+00 2.739730000000000008e-04 -1.000000000000000000e+00
0.000000000000000000e+00 3.082189999999999843e-04 -1.000000000000000000e+00
0.000000000000000000e+00 3.082189999999999843e-04 -1.000000000000000000e+00
0.000000000000000000e+00 3.082189999999999843e-04 -1.000000000000000000e+00
