0.000000000000000000e+00 0.000000000000000000e+00 -1.000000000000000000e+00
0.000000000000000000e+00 8.906880000000000483e-04 -1.000000000000000000e+00
0.000000000000000000e+00 1.336029999999999987e-03 -1.000000000000000000e+00
0.000000000000000000e+00 1.417000000000000074e-03 -1.000000000000000000e+00
0.000000000000000000e+00 1.417000000000000074e-03 -1.000000000000000000e+00
0.000000000000000000e+00 7.692309999999999946e-04 -1.000000000000000000e+00
0.000000000000000000e+00 1.417000000000000074e-03 -1.000000000000000000e+00
0.000000000000000000e+00 1.457490000000000088e-03 -1.000000000000000000e+00
0.000000000000000000e+00 1.052629999999999929e-03 1.093119999999999942e-03
0.000000000000000000e+00 1.133600000000000016e-03 1.214570000000000103e-03
0.000000000000000000e+00 8.906880000000000483e-04 -1.000000000000000000e+00
0.000000000000000000e+00 1.214570000000000103e-03 1.255059999999999900e-03
0.000000000000000000e+00 1.133600000000000016e-03 1.336029999999999987e-03
0.000000000000000000e+00 1.093119999999999942e-03 -1.000000000000000000e+00
0.000000000000000000e+00 1.214570000000000103e-03 1.295549999999999913e-03
0.000000000000000000e+00 1.255059999999999900e-03 1.295549999999999913e-03
0.000000000000000000e+00 1.336029999999999987e-03 1.417000000000000074e-03
0.000000000000000000e+00 1.255059999999999900e-03 1.417000000000000074e-03
0.000000000000000000e+00 1.214570000000000103e-03 -1.000000000000000000e+00
0.000000000000000000e+00 1.336029999999999987e-03 -1.000000000000000000e+00
0.000000000000000000e+00 1.336029999999999987e-03 -1.000000000000000000e+00
0.000000000000000000e+00 1.457490000000000088e-03 -1.000000000000000000e+00
0.000000000000000000e+00 1.417000000000000074e-03 -1.000000000000000000e+00
0.000000000000000000e+00 1.417000000000000074e-03 -1.000000000000000000e+00
0.000000000000000000e+00 1.417000000000000074e-03 -1.000000000000000000e+00
