0.000000000000000000e+00 0.000000000000000000e+00 -1.000000000000000000e+00
0.000000000000000000e+00 4.615379999999999656e-03 -1.000000000000000000e+00
0.000000000000000000e+00 4.102559999999999887e-03 -1.000000000000000000e+00
0.000000000000000000e+00 4.102559999999999887e-03 -1.000000000000000000e+00
0.000000000000000000e+00 4.615379999999999656e-03 -1.000000000000000000e+00
0.000000000000000000e+00 4.358970000000000206e-03 -1.000000000000000000e+00
0.000000000000000000e+00 4.615379999999999656e-03 -1.000000000000000000e+00
0.000000000000000000e+00 4.358970000000000206e-03 -1.000000000000000000e+00
0.000000000000000000e+00 4.615379999999999656e-03 -1.000000000000000000e+00
0.000000000000000000e+00 2.564100000000000146e-03 -1.000000000000000000e+00
0.000000000000000000e+00 4.615379999999999656e-03 -1.000000000000000000e+00
0.000000000000000000e+00 4.615379999999999656e-03 -1.000000000000000000e+00
