0.000000000000000000e+00 3.333330000000000017e-04 4.666669999999999824e-04
0.000000000000000000e+00 0.000000000000000000e+00 -1.000000000000000000e+00
0.000000000000000000e+00 8.000000000000000383e-04 8.666670000000000016e-04
0.000000000000000000e+00 9.333329999999999491e-04 1.000000000000000021e-03
0.000000000000000000e+00 8.666670000000000016e-04 1.000000000000000021e-03
0.000000000000000000e+00 7.333329999999999666e-04 -1.000000000000000000e+00
0.000000000000000000e+00 1.000000000000000021e-03 1.133330000000000101e-03
0.000000000000000000e+00 1.000000000000000021e-03 1.133330000000000101e-03
0.000000000000000000e+00 1.000000000000000021e-03 -1.000000000000000000e+00
0.000000000000000000e+00 1.066670000000000031e-03 -1.000000000000000000e+00
0.000000000000000000e+00 1.133330000000000101e-03 -1.000000000000000000e+00
0.000000000000000000e+00 1.133330000000000101e-03 -1.000000000000000000e+00
0.000000000000000000e+00 1.133330000000000101e-03 -1.000000000000000000e+00
