0.000000000000000000e+00 0.000000000000000000e+00 -1.000000000000000000e+00
0.000000000000000000e+00 2.682930000000000037e-03 -1.000000000000000000e+00
0.000000000000000000e+00 2.601630000000000175e-03 2.764229999999999899e-03
0.000000000000000000e+00 2.520329999999999879e-03 -1.000000000000000000e+00
0.000000000000000000e+00 2.764229999999999899e-03 2.845530000000000195e-03
0.000000000000000000e+00 2.682930000000000037e-03 -1.000000000000000000e+00
0.000000000000000000e+00 2.764229999999999899e-03 -1.000000000000000000e+00
0.000000000000000000e+00 2.845530000000000195e-03 2.926830000000000057e-03
0.000000000000000000e+00 2.845530000000000195e-03 -1.000000000000000000e+00
0.000000000000000000e+00 2.926830000000000057e-03 3.008129999999999919e-03
0.000000000000000000e+00 2.926830000000000057e-03 -1.000000000000000000e+00
0.000000000000000000e+00 3.008129999999999919e-03 3.089430000000000214e-03
0.000000000000000000e+00 3.008129999999999919e-03 -1.000000000000000000e+00
0.000000000000000000e+00 3.089430000000000214e-03 -1.000000000000000000e+00
0.000000000000000000e+00 3.089430000000000214e-03 -1.000000000000000000e+00
