0.000000000000000000e+00 2.699389999999999862e-03 2.842540000000000171e-03
0.000000000000000000e+00 0.000000000000000000e+00 -1.000000000000000000e+00
0.000000000000000000e+00 2.597139999999999952e-03 -1.000000000000000000e+00
0.000000000000000000e+00 2.924340000000000099e-03 -1.000000000000000000e+00
0.000000000000000000e+00 2.781189999999999791e-03 -1.000000000000000000e+00
0.000000000000000000e+00 2.801640000000000207e-03 -1.000000000000000000e+00
0.000000000000000000e+00 2.822090000000000189e-03 -1.000000000000000000e+00
0.000000000000000000e+00 2.985690000000000045e-03 -1.000000000000000000e+00
0.000000000000000000e+00 2.781189999999999791e-03 -1.000000000000000000e+00
0.000000000000000000e+00 2.903890000000000117e-03 -1.000000000000000000e+00
0.000000000000000000e+00 2.944790000000000081e-03 -1.000000000000000000e+00
0.000000000000000000e+00 2.924340000000000099e-03 -1.000000000000000000e+00
0.000000000000000000e+00 2.965240000000000063e-03 -1.000000000000000000e+00
0.000000000000000000e+00 2.985690000000000045e-03 -1.000000000000000000e+00
