0.000000000000000000e+00 0.000000000000000000e+00 -1.000000000000000000e+00
0.000000000000000000e+00 5.052629999999999795e-03 -1.000000000000000000e+00
0.000000000000000000e+00 5.157890000000000044e-03 -1.000000000000000000e+00
0.000000000000000000e+00 3.315789999999999883e-03 3.421050000000000132e-03
0.000000000000000000e+00 2.631580000000000117e-03 3.684209999999999829e-03
0.000000000000000000e+00 2.368419999999999987e-03 -1.000000000000000000e+00
0.000000000000000000e+00 3.631580000000000138e-03 -1.000000000000000000e+00
0.000000000000000000e+00 4.473679999999999844e-03 5.052629999999999795e-03
0.000000000000000000e+00 4.210529999999999655e-03 -1.000000000000000000e+00
0.000000000000000000e+00 4.157890000000000023e-03 -1.000000000000000000e+00
0.000000000000000000e+00 4.315789999999999904e-03 -1.000000000000000000e+00
0.000000000000000000e+00 5.052629999999999795e-03 -1.000000000000000000e+00
0.000000000000000000e+00 5.157890000000000044e-03 -1.000000000000000000e+00
0.000000000000000000e+00 4.789469999999999665e-03 -1.000000000000000000e+00
0.000000000000000000e+00 5.052629999999999795e-03 -1.000000000000000000e+00
