0.000000000000000000e+00 0.000000000000000000e+00 -1.000000000000000000e+00
0.000000000000000000e+00 3.466669999999999821e-03 -1.000000000000000000e+00
0.000000000000000000e+00 3.533329999999999891e-03 -1.000000000000000000e+00
0.000000000000000000e+00 1.199999999999999895e-03 -1.000000000000000000e+00
0.000000000000000000e+00 2.466669999999999800e-03 -1.000000000000000000e+00
0.000000000000000000e+00 2.866669999999999982e-03 -1.000000000000000000e+00
0.000000000000000000e+00 2.933330000000000052e-03 -1.000000000000000000e+00
0.000000000000000000e+00 3.333329999999999800e-03 3.399999999999999811e-03
0.000000000000000000e+00 3.000000000000000062e-03 -1.000000000000000000e+00
0.000000000000000000e+00 3.399999999999999811e-03 3.533329999999999891e-03
0.000000000000000000e+00 3.399999999999999811e-03 -1.000000000000000000e+00
0.000000000000000000e+00 3.533329999999999891e-03 -1.000000000000000000e+00
0.000000000000000000e+00 3.533329999999999891e-03 -1.000000000000000000e+00
