0.000000000000000000e+00 6.421050000000000195e-03 -1.000000000000000000e+00
0.000000000000000000e+00 0.000000000000000000e+00 -1.000000000000000000e+00
0.000000000000000000e+00 6.421050000000000195e-03 -1.000000000000000000e+00
0.000000000000000000e+00 5.842110000000000185e-03 -1.000000000000000000e+00
0.000000000000000000e+00 4.578950000000000034e-03 -1.000000000000000000e+00
0.000000000000000000e+00 5.842110000000000185e-03 5.947369999999999567e-03
0.000000000000000000e+00 6.000000000000000125e-03 6.210529999999999697e-03
0.000000000000000000e+00 6.157890000000000065e-03 6.210529999999999697e-03
0.000000000000000000e+00 5.789469999999999686e-03 -1.000000000000000000e+00
0.000000000000000000e+00 6.210529999999999697e-03 6.421050000000000195e-03
0.000000000000000000e+00 6.368419999999999637e-03 6.421050000000000195e-03
0.000000000000000000e+00 6.368419999999999637e-03 6.421050000000000195e-03
0.000000000000000000e+00 6.210529999999999697e-03 6.421050000000000195e-03
0.000000000000000000e+00 6.052629999999999816e-03 -1.000000000000000000e+00
0.000000000000000000e+00 6.473679999999999886e-03 -1.000000000000000000e+00
0.000000000000000000e+00 6.421050000000000195e-03 -1.000000000000000000e+00
0.000000000000000000e+00 6.421050000000000195e-03 -1.000000000000000000e+00
0.000000000000000000e+00 6.421050000000000195e-03 -1.000000000000000000e+00
0.000000000000000000e+00 6.210529999999999697e-03 -1.000000000000000000e+00
0.000000000000000000e+00 6.421050000000000195e-03 -1.000000000000000000e+00
0.000000000000000000e+00 6.263160000000000255e-03 -1.000000000000000000e+00
0.000000000000000000e+00 6.421050000000000195e-03 -1.000000000000000000e+00
