0.000000000000000000e+00 2.083329999999999991e-04 6.250000000000000130e-04
0.000000000000000000e+00 0.000000000000000000e+00 -1.000000000000000000e+00
0.000000000000000000e+00 9.374999999999999653e-04 1.145830000000000026e-03
0.000000000000000000e+00 7.291669999999999662e-04 -1.000000000000000000e+00
0.000000000000000000e+00 1.145830000000000026e-03 -1.000000000000000000e+00
0.000000000000000000e+00 1.145830000000000026e-03 -1.000000000000000000e+00
0.000000000000000000e+00 9.374999999999999653e-04 -1.000000000000000000e+00
0.000000000000000000e+00 1.145830000000000026e-03 -1.000000000000000000e+00
0.000000000000000000e+00 1.145830000000000026e-03 -1.000000000000000000e+00
0.000000000000000000e+00 1.145830000000000026e-03 -1.000000000000000000e+00
