0.000000000000000000e+00 2.582779999999999798e-03 -1.000000000000000000e+00
0.000000000000000000e+00 0.000000000000000000e+00 -1.000000000000000000e+00
0.000000000000000000e+00 3.907279999999999955e-03 -1.000000000000000000e+00
0.000000000000000000e+00 6.688740000000000310e-03 -1.000000000000000000e+00
0.000000000000000000e+00 6.092720000000000254e-03 -1.000000000000000000e+00
0.000000000000000000e+00 5.099339999999999949e-03 -1.000000000000000000e+00
0.000000000000000000e+00 6.887420000000000000e-03 -1.000000000000000000e+00
0.000000000000000000e+00 7.152320000000000205e-03 -1.000000000000000000e+00
0.000000000000000000e+00 7.218539999999999852e-03 -1.000000000000000000e+00
0.000000000000000000e+00 7.218539999999999852e-03 -1.000000000000000000e+00
