0.000000000000000000e+00 0.000000000000000000e+00 -1.000000000000000000e+00
0.000000000000000000e+00 6.016259999999999837e-03 -1.000000000000000000e+00
0.000000000000000000e+00 6.341460000000000152e-03 -1.000000000000000000e+00
0.000000000000000000e+00 5.853660000000000113e-03 6.016259999999999837e-03
0.000000000000000000e+00 5.772359999999999818e-03 -1.000000000000000000e+00
0.000000000000000000e+00 6.341460000000000152e-03 6.422759999999999581e-03
0.000000000000000000e+00 6.097560000000000133e-03 -1.000000000000000000e+00
0.000000000000000000e+00 6.422759999999999581e-03 -1.000000000000000000e+00
0.000000000000000000e+00 6.504069999999999817e-03 -1.000000000000000000e+00
0.000000000000000000e+00 6.585370000000000112e-03 -1.000000000000000000e+00
0.000000000000000000e+00 6.585370000000000112e-03 -1.000000000000000000e+00
