0.000000000000000000e+00 0.000000000000000000e+00 4.210530000000000089e-04
0.000000000000000000e+00 0.000000000000000000e+00 -1.000000000000000000e+00
0.000000000000000000e+00 8.421050000000000020e-04 -1.000000000000000000e+00
0.000000000000000000e+00 1.578949999999999972e-03 -1.000000000000000000e+00
0.000000000000000000e+00 5.263159999999999936e-05 -1.000000000000000000e+00
0.000000000000000000e+00 1.578949999999999972e-03 -1.000000000000000000e+00
0.000000000000000000e+00 6.842109999999999989e-04 6.842109999999999989e-04
0.000000000000000000e+00 4.210530000000000089e-04 -1.000000000000000000e+00
0.000000000000000000e+00 7.894739999999999700e-04 -1.000000000000000000e+00
0.000000000000000000e+00 1.315790000000000059e-03 1.421050000000000091e-03
0.000000000000000000e+00 1.052629999999999929e-03 -1.000000000000000000e+00
0.000000000000000000e+00 1.526320000000000064e-03 -1.000000000000000000e+00
0.000000000000000000e+00 1.421050000000000091e-03 -1.000000000000000000e+00
0.000000000000000000e+00 1.526320000000000064e-03 -1.000000000000000000e+00
0.000000000000000000e+00 1.578949999999999972e-03 -1.000000000000000000e+00
