0.000000000000000000e+00 4.048579999999999784e-05 1.619430000000000045e-04
0.000000000000000000e+00 0.000000000000000000e+00 -1.000000000000000000e+00
0.000000000000000000e+00 8.097170000000000539e-04 -1.000000000000000000e+00
0.000000000000000000e+00 7.692309999999999946e-04 -1.000000000000000000e+00
0.000000000000000000e+00 8.097170000000000539e-04 -1.000000000000000000e+00
0.000000000000000000e+00 2.024290000000000095e-04 -1.000000000000000000e+00
0.000000000000000000e+00 8.097170000000000539e-04 -1.000000000000000000e+00
0.000000000000000000e+00 6.072869999999999744e-04 -1.000000000000000000e+00
0.000000000000000000e+00 7.692309999999999946e-04 -1.000000000000000000e+00
0.000000000000000000e+00 7.692309999999999946e-04 -1.000000000000000000e+00
