0.000000000000000000e+00 0.000000000000000000e+00 -1.000000000000000000e+00
0.000000000000000000e+00 1.684210000000000004e-03 1.736839999999999912e-03
0.000000000000000000e+00 1.157889999999999961e-03 -1.000000000000000000e+00
0.000000000000000000e+00 1.894740000000000009e-03 -1.000000000000000000e+00
0.000000000000000000e+00 2.105259999999999857e-03 -1.000000000000000000e+00
0.000000000000000000e+00 2.315789999999999862e-03 -1.000000000000000000e+00
0.000000000000000000e+00 2.473679999999999803e-03 -1.000000000000000000e+00
0.000000000000000000e+00 2.473679999999999803e-03 -1.000000000000000000e+00
0.000000000000000000e+00 2.421050000000000112e-03 -1.000000000000000000e+00
0.000000000000000000e+00 2.473679999999999803e-03 -1.000000000000000000e+00
