0.000000000000000000e+00 1.578949999999999917e-04 1.526320000000000064e-03
0.000000000000000000e+00 0.000000000000000000e+00 -1.000000000000000000e+00
0.000000000000000000e+00 1.789470000000000036e-03 -1.000000000000000000e+00
0.000000000000000000e+00 1.842110000000000102e-03 -1.000000000000000000e+00
0.000000000000000000e+00 1.210530000000000026e-03 1.263159999999999934e-03
0.000000000000000000e+00 1.526320000000000064e-03 1.736839999999999912e-03
0.000000000000000000e+00 1.000000000000000021e-03 -1.000000000000000000e+00
0.000000000000000000e+00 1.473679999999999999e-03 1.631580000000000096e-03
0.000000000000000000e+00 1.736839999999999912e-03 1.789470000000000036e-03
0.000000000000000000e+00 1.263159999999999934e-03 -1.000000000000000000e+00
0.000000000000000000e+00 1.789470000000000036e-03 1.842110000000000102e-03
0.000000000000000000e+00 1.789470000000000036e-03 1.842110000000000102e-03
0.000000000000000000e+00 1.736839999999999912e-03 -1.000000000000000000e+00
0.000000000000000000e+00 1.631580000000000096e-03 -1.000000000000000000e+00
0.000000000000000000e+00 1.736839999999999912e-03 -1.000000000000000000e+00
0.000000000000000000e+00 1.842110000000000102e-03 -1.000000000000000000e+00
0.000000000000000000e+00 1.842110000000000102e-03 -1.000000000000000000e+00
0.000000000000000000e+00 1.789470000000000036e-03 -1.000000000000000000e+00
0.000000000000000000e+00 1.842110000000000102e-03 -1.000000000000000000e+00
