0.000000000000000000e+00 0.000000000000000000e+00 -1.000000000000000000e+00
0.000000000000000000e+00 6.748470000000000120e-04 -1.000000000000000000e+00
0.000000000000000000e+00 3.680980000000000254e-04 -1.000000000000000000e+00
0.000000000000000000e+00 7.361960000000000509e-04 -1.000000000000000000e+00
0.000000000000000000e+00 5.521470000000000111e-04 -1.000000000000000000e+00
0.000000000000000000e+00 7.361960000000000509e-04 -1.000000000000000000e+00
0.000000000000000000e+00 7.361960000000000509e-04 -1.000000000000000000e+00
0.000000000000000000e+00 4.294480000000000259e-04 -1.000000000000000000e+00
0.000000000000000000e+00 6.543970000000000299e-04 -1.000000000000000000e+00
0.000000000000000000e+00 7.361960000000000509e-04 -1.000000000000000000e+00
