0.000000000000000000e+00 1.095889999999999972e-03 1.301370000000000044e-03
0.000000000000000000e+00 7.876709999999999875e-04 -1.000000000000000000e+00
0.000000000000000000e+00 1.369860000000000088e-03 -1.000000000000000000e+00
0.000000000000000000e+00 0.000000000000000000e+00 -1.000000000000000000e+00
0.000000000000000000e+00 1.369860000000000088e-03 -1.000000000000000000e+00
0.000000000000000000e+00 1.369860000000000088e-03 -1.000000000000000000e+00
0.000000000000000000e+00 1.369860000000000088e-03 -1.000000000000000000e+00
0.000000000000000000e+00 8.561639999999999702e-04 -1.000000000000000000e+00
0.000000000000000000e+00 1.198630000000000008e-03 1.267120000000000052e-03
0.000000000000000000e+00 1.130139999999999964e-03 -1.000000000000000000e+00
0.000000000000000000e+00 1.267120000000000052e-03 -1.000000000000000000e+00
