0.000000000000000000e+00 2.684209999999999808e-03 2.947369999999999938e-03
0.000000000000000000e+00 2.842110000000000122e-03 3.052630000000000187e-03
0.000000000000000000e+00 3.789470000000000078e-03 -1.000000000000000000e+00
0.000000000000000000e+00 3.947370000000000392e-03 -1.000000000000000000e+00
0.000000000000000000e+00 0.000000000000000000e+00 -1.000000000000000000e+00
0.000000000000000000e+00 3.894739999999999834e-03 -1.000000000000000000e+00
0.000000000000000000e+00 3.947370000000000392e-03 -1.000000000000000000e+00
0.000000000000000000e+00 3.526319999999999889e-03 3.894739999999999834e-03
0.000000000000000000e+00 3.789470000000000078e-03 3.894739999999999834e-03
0.000000000000000000e+00 3.789470000000000078e-03 3.894739999999999834e-03
0.000000000000000000e+00 3.947370000000000392e-03 -1.000000000000000000e+00
0.000000000000000000e+00 3.947370000000000392e-03 -1.000000000000000000e+00
0.000000000000000000e+00 3.368420000000000008e-03 -1.000000000000000000e+00
0.000000000000000000e+00 3.526319999999999889e-03 -1.000000000000000000e+00
0.000000000000000000e+00 3.894739999999999834e-03 -1.000000000000000000e+00
0.000000000000000000e+00 3.894739999999999834e-03 -1.000000000000000000e+00
0.000000000000000000e+00 3.894739999999999834e-03 -1.000000000000000000e+00
0.000000000000000000e+00 3.842110000000000143e-03 -1.000000000000000000e+00
0.000000000000000000e+00 3.894739999999999834e-03 -1.000000000000000000e+00
