0.000000000000000000e+00 3.921570000000000199e-04 8.823530000000000002e-04
0.000000000000000000e+00 0.000000000000000000e+00 -1.000000000000000000e+00
0.000000000000000000e+00 9.803920000000000690e-04 1.274509999999999966e-03
0.000000000000000000e+00 9.803920000000000690e-04 -1.000000000000000000e+00
0.000000000000000000e+00 1.274509999999999966e-03 1.568629999999999894e-03
0.000000000000000000e+00 1.078430000000000014e-03 -1.000000000000000000e+00
0.000000000000000000e+00 1.666670000000000087e-03 -1.000000000000000000e+00
0.000000000000000000e+00 1.960780000000000075e-03 -1.000000000000000000e+00
0.000000000000000000e+00 2.156860000000000027e-03 -1.000000000000000000e+00
0.000000000000000000e+00 2.156860000000000027e-03 -1.000000000000000000e+00
