0.000000000000000000e+00 8.243729999999999895e-04 9.677419999999999512e-04
0.000000000000000000e+00 0.000000000000000000e+00 -1.000000000000000000e+00
0.000000000000000000e+00 1.075269999999999915e-03 -1.000000000000000000e+00
0.000000000000000000e+00 6.093189999999999848e-04 -1.000000000000000000e+00
0.000000000000000000e+00 7.168460000000000413e-04 -1.000000000000000000e+00
0.000000000000000000e+00 1.146950000000000096e-03 -1.000000000000000000e+00
0.000000000000000000e+00 6.451609999999999984e-04 6.810040000000000277e-04
0.000000000000000000e+00 6.451609999999999984e-04 -1.000000000000000000e+00
0.000000000000000000e+00 1.039430000000000041e-03 -1.000000000000000000e+00
0.000000000000000000e+00 8.960570000000000167e-04 -1.000000000000000000e+00
0.000000000000000000e+00 1.182799999999999910e-03 -1.000000000000000000e+00
0.000000000000000000e+00 9.677419999999999512e-04 -1.000000000000000000e+00
