0.000000000000000000e+00 1.789339999999999941e-03 1.908619999999999978e-03
0.000000000000000000e+00 5.129429999999999927e-03 5.606579999999999897e-03
0.000000000000000000e+00 0.000000000000000000e+00 -1.000000000000000000e+00
0.000000000000000000e+00 5.725870000000000092e-03 -1.000000000000000000e+00
0.000000000000000000e+00 3.459380000000000181e-03 4.413689999999999627e-03
0.000000000000000000e+00 2.862940000000000016e-03 -1.000000000000000000e+00
0.000000000000000000e+00 5.725870000000000092e-03 -1.000000000000000000e+00
0.000000000000000000e+00 4.771560000000000211e-03 -1.000000000000000000e+00
0.000000000000000000e+00 5.129429999999999927e-03 5.368010000000000316e-03
0.000000000000000000e+00 5.129429999999999927e-03 -1.000000000000000000e+00
0.000000000000000000e+00 5.248720000000000122e-03 -1.000000000000000000e+00
0.000000000000000000e+00 5.487299999999999643e-03 -1.000000000000000000e+00
0.000000000000000000e+00 5.606579999999999897e-03 -1.000000000000000000e+00
0.000000000000000000e+00 5.725870000000000092e-03 -1.000000000000000000e+00
0.000000000000000000e+00 5.725870000000000092e-03 -1.000000000000000000e+00
0.000000000000000000e+00 5.725870000000000092e-03 -1.000000000000000000e+00
