0.000000000000000000e+00 0.000000000000000000e+00 -1.000000000000000000e+00
0.000000000000000000e+00 1.254480000000000092e-03 -1.000000000000000000e+00
0.000000000000000000e+00 1.792109999999999970e-03 -1.000000000000000000e+00
0.000000000000000000e+00 1.397849999999999961e-03 -1.000000000000000000e+00
0.000000000000000000e+00 1.792109999999999970e-03 -1.000000000000000000e+00
0.000000000000000000e+00 1.290319999999999965e-03 -1.000000000000000000e+00
0.000000000000000000e+00 1.684589999999999916e-03 -1.000000000000000000e+00
0.000000000000000000e+00 1.792109999999999970e-03 -1.000000000000000000e+00
0.000000000000000000e+00 1.648750000000000042e-03 -1.000000000000000000e+00
0.000000000000000000e+00 1.720430000000000006e-03 -1.000000000000000000e+00
