0.000000000000000000e+00 3.368420000000000008e-03 3.421050000000000132e-03
0.000000000000000000e+00 0.000000000000000000e+00 -1.000000000000000000e+00
0.000000000000000000e+00 2.526319999999999868e-03 -1.000000000000000000e+00
0.000000000000000000e+00 3.789470000000000078e-03 -1.000000000000000000e+00
0.000000000000000000e+00 3.842110000000000143e-03 -1.000000000000000000e+00
0.000000000000000000e+00 3.421050000000000132e-03 -1.000000000000000000e+00
0.000000000000000000e+00 3.789470000000000078e-03 -1.000000000000000000e+00
0.000000000000000000e+00 3.631580000000000138e-03 -1.000000000000000000e+00
0.000000000000000000e+00 3.789470000000000078e-03 -1.000000000000000000e+00
0.000000000000000000e+00 3.842110000000000143e-03 -1.000000000000000000e+00
