0.000000000000000000e+00 3.738319999999999946e-04 4.672899999999999797e-04
0.000000000000000000e+00 0.000000000000000000e+00 -1.000000000000000000e+00
0.000000000000000000e+00 1.869159999999999919e-03 -1.000000000000000000e+00
0.000000000000000000e+00 1.308410000000000085e-03 -1.000000000000000000e+00
0.000000000000000000e+00 1.869159999999999919e-03 -1.000000000000000000e+00
0.000000000000000000e+00 1.869159999999999919e-03 -1.000000000000000000e+00
0.000000000000000000e+00 6.542059999999999499e-04 -1.000000000000000000e+00
0.000000000000000000e+00 1.495330000000000010e-03 -1.000000000000000000e+00
0.000000000000000000e+00 1.682239999999999994e-03 -1.000000000000000000e+00
0.000000000000000000e+00 1.962619999999999990e-03 -1.000000000000000000e+00
