0.000000000000000000e+00 8.321920000000000012e-03 -1.000000000000000000e+00
0.000000000000000000e+00 9.794519999999999268e-03 -1.000000000000000000e+00
0.000000000000000000e+00 0.000000000000000000e+00 -1.000000000000000000e+00
0.000000000000000000e+00 9.794519999999999268e-03 -1.000000000000000000e+00
0.000000000000000000e+00 9.212329999999999477e-03 9.554790000000000505e-03
0.000000000000000000e+00 9.212329999999999477e-03 -1.000000000000000000e+00
0.000000000000000000e+00 9.554790000000000505e-03 -1.000000000000000000e+00
0.000000000000000000e+00 9.554790000000000505e-03 -1.000000000000000000e+00
0.000000000000000000e+00 9.657529999999999240e-03 -1.000000000000000000e+00
0.000000000000000000e+00 9.760269999999999710e-03 -1.000000000000000000e+00
