0.000000000000000000e+00 0.000000000000000000e+00 -1.000000000000000000e+00
0.000000000000000000e+00 3.921570000000000090e-03 -1.000000000000000000e+00
0.000000000000000000e+00 3.823529999999999898e-03 -1.000000000000000000e+00
0.000000000000000000e+00 3.823529999999999898e-03 -1.000000000000000000e+00
0.000000000000000000e+00 1.176469999999999990e-03 -1.000000000000000000e+00
0.000000000000000000e+00 1.666670000000000087e-03 -1.000000000000000000e+00
0.000000000000000000e+00 3.137249999999999848e-03 -1.000000000000000000e+00
0.000000000000000000e+00 3.235290000000000041e-03 -1.000000000000000000e+00
0.000000000000000000e+00 3.627449999999999945e-03 -1.000000000000000000e+00
0.000000000000000000e+00 3.823529999999999898e-03 -1.000000000000000000e+00
0.000000000000000000e+00 3.921570000000000090e-03 -1.000000000000000000e+00
0.000000000000000000e+00 3.725490000000000138e-03 -1.000000000000000000e+00
