0.000000000000000000e+00 6.849319999999999671e-05 1.369859999999999925e-04
0.000000000000000000e+00 3.424659999999999835e-05 -1.000000000000000000e+00
0.000000000000000000e+00 3.767120000000000212e-04 -1.000000000000000000e+00
0.000000000000000000e+00 3.424659999999999835e-04 -1.000000000000000000e+00
0.000000000000000000e+00 0.000000000000000000e+00 -1.000000000000000000e+00
0.000000000000000000e+00 4.452050000000000039e-04 -1.000000000000000000e+00
0.000000000000000000e+00 4.452050000000000039e-04 -1.000000000000000000e+00
0.000000000000000000e+00 1.369859999999999925e-04 -1.000000000000000000e+00
0.000000000000000000e+00 3.082189999999999843e-04 -1.000000000000000000e+00
0.000000000000000000e+00 4.452050000000000039e-04 -1.000000000000000000e+00
0.000000000000000000e+00 3.767120000000000212e-04 -1.000000000000000000e+00
0.000000000000000000e+00 4.109590000000000205e-04 -1.000000000000000000e+00
