0.000000000000000000e+00 0.000000000000000000e+00 -1.000000000000000000e+00
0.000000000000000000e+00 1.756270000000000097e-03 -1.000000000000000000e+00
0.000000000000000000e+00 1.362010000000000087e-03 -1.000000000000000000e+00
0.000000000000000000e+00 1.505379999999999956e-03 -1.000000000000000000e+00
0.000000000000000000e+00 1.720430000000000006e-03 -1.000000000000000000e+00
0.000000000000000000e+00 1.612900000000000011e-03 -1.000000000000000000e+00
0.000000000000000000e+00 1.397849999999999961e-03 -1.000000000000000000e+00
0.000000000000000000e+00 1.756270000000000097e-03 -1.000000000000000000e+00
0.000000000000000000e+00 1.756270000000000097e-03 -1.000000000000000000e+00
0.000000000000000000e+00 1.756270000000000097e-03 -1.000000000000000000e+00
