0.000000000000000000e+00 3.424659999999999835e-05 5.136989999999999482e-04
0.000000000000000000e+00 1.472599999999999907e-03 -1.000000000000000000e+00
0.000000000000000000e+00 1.506849999999999900e-03 -1.000000000000000000e+00
0.000000000000000000e+00 1.472599999999999907e-03 -1.000000000000000000e+00
0.000000000000000000e+00 0.000000000000000000e+00 -1.000000000000000000e+00
0.000000000000000000e+00 1.506849999999999900e-03 -1.000000000000000000e+00
0.000000000000000000e+00 7.876709999999999875e-04 -1.000000000000000000e+00
0.000000000000000000e+00 1.506849999999999900e-03 -1.000000000000000000e+00
0.000000000000000000e+00 1.061639999999999980e-03 -1.000000000000000000e+00
0.000000000000000000e+00 1.198630000000000008e-03 -1.000000000000000000e+00
0.000000000000000000e+00 1.472599999999999907e-03 -1.000000000000000000e+00
