0.000000000000000000e+00 8.097170000000000268e-05 1.619430000000000045e-04
0.000000000000000000e+00 0.000000000000000000e+00 -1.000000000000000000e+00
0.000000000000000000e+00 0.000000000000000000e+00 -1.000000000000000000e+00
0.000000000000000000e+00 6.477730000000000337e-04 -1.000000000000000000e+00
0.000000000000000000e+00 6.477730000000000337e-04 -1.000000000000000000e+00
0.000000000000000000e+00 6.477730000000000337e-04 -1.000000000000000000e+00
0.000000000000000000e+00 6.477730000000000337e-04 -1.000000000000000000e+00
0.000000000000000000e+00 4.453440000000000241e-04 -1.000000000000000000e+00
0.000000000000000000e+00 4.048580000000000191e-04 -1.000000000000000000e+00
0.000000000000000000e+00 6.072869999999999744e-04 -1.000000000000000000e+00
0.000000000000000000e+00 4.858299999999999750e-04 -1.000000000000000000e+00
0.000000000000000000e+00 6.072869999999999744e-04 -1.000000000000000000e+00
0.000000000000000000e+00 6.477730000000000337e-04 -1.000000000000000000e+00
