0.000000000000000000e+00 0.000000000000000000e+00 -1.000000000000000000e+00
0.000000000000000000e+00 1.736839999999999912e-03 -1.000000000000000000e+00
0.000000000000000000e+00 2.263160000000000172e-03 -1.000000000000000000e+00
0.000000000000000000e+00 2.157889999999999982e-03 -1.000000000000000000e+00
0.000000000000000000e+00 1.263159999999999934e-03 1.315790000000000059e-03
0.000000000000000000e+00 1.368419999999999966e-03 1.526320000000000064e-03
0.000000000000000000e+00 1.263159999999999934e-03 1.578949999999999972e-03
0.000000000000000000e+00 1.526320000000000064e-03 -1.000000000000000000e+00
0.000000000000000000e+00 1.000000000000000021e-03 -1.000000000000000000e+00
0.000000000000000000e+00 1.631580000000000096e-03 1.789470000000000036e-03
0.000000000000000000e+00 1.578949999999999972e-03 -1.000000000000000000e+00
0.000000000000000000e+00 1.789470000000000036e-03 2.157889999999999982e-03
0.000000000000000000e+00 2.052630000000000166e-03 2.157889999999999982e-03
0.000000000000000000e+00 1.789470000000000036e-03 -1.000000000000000000e+00
0.000000000000000000e+00 2.105259999999999857e-03 -1.000000000000000000e+00
0.000000000000000000e+00 2.157889999999999982e-03 -1.000000000000000000e+00
0.000000000000000000e+00 2.052630000000000166e-03 -1.000000000000000000e+00
0.000000000000000000e+00 2.157889999999999982e-03 -1.000000000000000000e+00
0.000000000000000000e+00 2.315789999999999862e-03 -1.000000000000000000e+00
0.000000000000000000e+00 2.315789999999999862e-03 -1.000000000000000000e+00
0.000000000000000000e+00 2.210530000000000047e-03 -1.000000000000000000e+00
0.000000000000000000e+00 2.315789999999999862e-03 -1.000000000000000000e+00
