0.000000000000000000e+00 8.793460000000000339e-04 1.022490000000000031e-03
0.000000000000000000e+00 0.000000000000000000e+00 -1.000000000000000000e+00
0.000000000000000000e+00 8.793460000000000339e-04 -1.000000000000000000e+00
0.000000000000000000e+00 9.202449999999999823e-04 -1.000000000000000000e+00
0.000000000000000000e+00 9.611449999999999464e-04 -1.000000000000000000e+00
0.000000000000000000e+00 9.815950000000000369e-04 -1.000000000000000000e+00
0.000000000000000000e+00 7.566460000000000330e-04 -1.000000000000000000e+00
0.000000000000000000e+00 1.042940000000000013e-03 -1.000000000000000000e+00
0.000000000000000000e+00 9.406949999999999644e-04 -1.000000000000000000e+00
0.000000000000000000e+00 1.002040000000000049e-03 -1.000000000000000000e+00
