0.000000000000000000e+00 8.960570000000000167e-04 9.319000000000000460e-04
0.000000000000000000e+00 7.168460000000000413e-04 -1.000000000000000000e+00
0.000000000000000000e+00 0.000000000000000000e+00 -1.000000000000000000e+00
0.000000000000000000e+00 7.885299999999999601e-04 -1.000000000000000000e+00
0.000000000000000000e+00 8.602150000000000031e-04 -1.000000000000000000e+00
0.000000000000000000e+00 9.319000000000000460e-04 -1.000000000000000000e+00
0.000000000000000000e+00 9.677419999999999512e-04 -1.000000000000000000e+00
0.000000000000000000e+00 7.526879999999999465e-04 -1.000000000000000000e+00
0.000000000000000000e+00 9.677419999999999512e-04 -1.000000000000000000e+00
0.000000000000000000e+00 9.677419999999999512e-04 -1.000000000000000000e+00
0.000000000000000000e+00 1.003580000000000010e-03 -1.000000000000000000e+00
