0.000000000000000000e+00 0.000000000000000000e+00 -1.000000000000000000e+00
0.000000000000000000e+00 3.039220000000000029e-03 -1.000000000000000000e+00
0.000000000000000000e+00 2.254899999999999786e-03 -1.000000000000000000e+00
0.000000000000000000e+00 1.862750000000000039e-03 -1.000000000000000000e+00
0.000000000000000000e+00 2.352939999999999979e-03 2.450980000000000172e-03
0.000000000000000000e+00 2.156860000000000027e-03 -1.000000000000000000e+00
0.000000000000000000e+00 2.745099999999999884e-03 2.941179999999999836e-03
0.000000000000000000e+00 2.352939999999999979e-03 -1.000000000000000000e+00
0.000000000000000000e+00 2.941179999999999836e-03 3.039220000000000029e-03
0.000000000000000000e+00 2.647060000000000125e-03 3.039220000000000029e-03
0.000000000000000000e+00 2.647060000000000125e-03 -1.000000000000000000e+00
0.000000000000000000e+00 3.039220000000000029e-03 -1.000000000000000000e+00
0.000000000000000000e+00 3.039220000000000029e-03 -1.000000000000000000e+00
0.000000000000000000e+00 3.039220000000000029e-03 -1.000000000000000000e+00
