0.000000000000000000e+00 2.867379999999999777e-04 9.319000000000000460e-04
0.000000000000000000e+00 1.039430000000000041e-03 -1.000000000000000000e+00
0.000000000000000000e+00 1.254480000000000092e-03 -1.000000000000000000e+00
0.000000000000000000e+00 0.000000000000000000e+00 -1.000000000000000000e+00
0.000000000000000000e+00 9.319000000000000460e-04 -1.000000000000000000e+00
0.000000000000000000e+00 1.111110000000000006e-03 -1.000000000000000000e+00
0.000000000000000000e+00 1.254480000000000092e-03 -1.000000000000000000e+00
0.000000000000000000e+00 7.885299999999999601e-04 -1.000000000000000000e+00
0.000000000000000000e+00 1.039430000000000041e-03 -1.000000000000000000e+00
0.000000000000000000e+00 1.254480000000000092e-03 -1.000000000000000000e+00
0.000000000000000000e+00 1.146950000000000096e-03 -1.000000000000000000e+00
0.000000000000000000e+00 1.254480000000000092e-03 -1.000000000000000000e+00
