0.000000000000000000e+00 0.000000000000000000e+00 -1.000000000000000000e+00
0.000000000000000000e+00 2.526319999999999868e-03 -1.000000000000000000e+00
0.000000000000000000e+00 4.052629999999999774e-03 -1.000000000000000000e+00
0.000000000000000000e+00 3.947370000000000392e-03 4.000000000000000083e-03
0.000000000000000000e+00 3.789470000000000078e-03 -1.000000000000000000e+00
0.000000000000000000e+00 4.157890000000000023e-03 -1.000000000000000000e+00
0.000000000000000000e+00 4.052629999999999774e-03 -1.000000000000000000e+00
0.000000000000000000e+00 4.157890000000000023e-03 -1.000000000000000000e+00
0.000000000000000000e+00 4.000000000000000083e-03 -1.000000000000000000e+00
0.000000000000000000e+00 4.105260000000000332e-03 -1.000000000000000000e+00
0.000000000000000000e+00 4.157890000000000023e-03 -1.000000000000000000e+00
