0.000000000000000000e+00 0.000000000000000000e+00 4.736839999999999866e-04
0.000000000000000000e+00 0.000000000000000000e+00 -1.000000000000000000e+00
0.000000000000000000e+00 2.631579999999999900e-04 -1.000000000000000000e+00
0.000000000000000000e+00 7.894739999999999700e-04 -1.000000000000000000e+00
0.000000000000000000e+00 5.263159999999999800e-04 6.842109999999999989e-04
0.000000000000000000e+00 5.263159999999999800e-04 -1.000000000000000000e+00
0.000000000000000000e+00 6.842109999999999989e-04 -1.000000000000000000e+00
0.000000000000000000e+00 6.842109999999999989e-04 -1.000000000000000000e+00
0.000000000000000000e+00 6.842109999999999989e-04 -1.000000000000000000e+00
0.000000000000000000e+00 6.842109999999999989e-04 -1.000000000000000000e+00
0.000000000000000000e+00 7.368420000000000308e-04 -1.000000000000000000e+00
