0.000000000000000000e+00 2.054790000000000024e-04 2.397260000000000016e-04
0.000000000000000000e+00 0.000000000000000000e+00 -1.000000000000000000e+00
0.000000000000000000e+00 6.164379999999999686e-04 -1.000000000000000000e+00
0.000000000000000000e+00 7.191780000000000048e-04 -1.000000000000000000e+00
0.000000000000000000e+00 2.739730000000000008e-04 -1.000000000000000000e+00
0.000000000000000000e+00 5.479449999999999859e-04 5.821920000000000393e-04
0.000000000000000000e+00 5.136989999999999482e-04 -1.000000000000000000e+00
0.000000000000000000e+00 5.821920000000000393e-04 -1.000000000000000000e+00
0.000000000000000000e+00 6.164379999999999686e-04 -1.000000000000000000e+00
0.000000000000000000e+00 7.191780000000000048e-04 -1.000000000000000000e+00
