0.000000000000000000e+00 0.000000000000000000e+00 -1.000000000000000000e+00
0.000000000000000000e+00 4.117649999999999609e-03 -1.000000000000000000e+00
0.000000000000000000e+00 3.823529999999999898e-03 -1.000000000000000000e+00
0.000000000000000000e+00 3.725490000000000138e-03 3.823529999999999898e-03
0.000000000000000000e+00 3.627449999999999945e-03 3.823529999999999898e-03
0.000000000000000000e+00 3.529410000000000186e-03 3.823529999999999898e-03
0.000000000000000000e+00 2.254899999999999786e-03 -1.000000000000000000e+00
0.000000000000000000e+00 3.823529999999999898e-03 -1.000000000000000000e+00
0.000000000000000000e+00 4.019609999999999850e-03 -1.000000000000000000e+00
0.000000000000000000e+00 3.823529999999999898e-03 -1.000000000000000000e+00
0.000000000000000000e+00 3.823529999999999898e-03 -1.000000000000000000e+00
