0.000000000000000000e+00 8.097170000000000268e-05 4.453440000000000241e-04
0.000000000000000000e+00 0.000000000000000000e+00 -1.000000000000000000e+00
0.000000000000000000e+00 1.255059999999999900e-03 -1.000000000000000000e+00
0.000000000000000000e+00 1.295549999999999913e-03 -1.000000000000000000e+00
0.000000000000000000e+00 1.214570000000000103e-03 -1.000000000000000000e+00
0.000000000000000000e+00 8.906880000000000483e-04 9.311739999999999991e-04
0.000000000000000000e+00 9.716599999999999500e-04 1.012150000000000072e-03
0.000000000000000000e+00 1.214570000000000103e-03 -1.000000000000000000e+00
0.000000000000000000e+00 7.692309999999999946e-04 -1.000000000000000000e+00
0.000000000000000000e+00 9.716599999999999500e-04 1.012150000000000072e-03
0.000000000000000000e+00 8.906880000000000483e-04 -1.000000000000000000e+00
0.000000000000000000e+00 1.052629999999999929e-03 -1.000000000000000000e+00
0.000000000000000000e+00 1.295549999999999913e-03 -1.000000000000000000e+00
0.000000000000000000e+00 1.214570000000000103e-03 1.295549999999999913e-03
0.000000000000000000e+00 1.093119999999999942e-03 -1.000000000000000000e+00
0.000000000000000000e+00 1.295549999999999913e-03 -1.000000000000000000e+00
0.000000000000000000e+00 1.174090000000000029e-03 -1.000000000000000000e+00
0.000000000000000000e+00 1.295549999999999913e-03 -1.000000000000000000e+00
0.000000000000000000e+00 1.214570000000000103e-03 -1.000000000000000000e+00
0.000000000000000000e+00 1.295549999999999913e-03 -1.000000000000000000e+00
