0.000000000000000000e+00 3.252029999999999830e-04 6.504069999999999817e-04
0.000000000000000000e+00 0.000000000000000000e+00 -1.000000000000000000e+00
0.000000000000000000e+00 1.382109999999999979e-03 -1.000000000000000000e+00
0.000000000000000000e+00 1.300809999999999900e-03 -1.000000000000000000e+00
0.000000000000000000e+00 1.951220000000000038e-03 -1.000000000000000000e+00
0.000000000000000000e+00 8.130080000000000466e-04 -1.000000000000000000e+00
0.000000000000000000e+00 1.300809999999999900e-03 -1.000000000000000000e+00
0.000000000000000000e+00 1.463410000000000058e-03 1.788620000000000097e-03
0.000000000000000000e+00 1.382109999999999979e-03 -1.000000000000000000e+00
0.000000000000000000e+00 1.788620000000000097e-03 -1.000000000000000000e+00
0.000000000000000000e+00 1.788620000000000097e-03 -1.000000000000000000e+00
0.000000000000000000e+00 1.869919999999999959e-03 -1.000000000000000000e+00
