0.000000000000000000e+00 1.351350000000000131e-04 2.702700000000000263e-04
0.000000000000000000e+00 2.027029999999999869e-04 5.405409999999999599e-04
0.000000000000000000e+00 0.000000000000000000e+00 -1.000000000000000000e+00
0.000000000000000000e+00 1.216220000000000061e-03 -1.000000000000000000e+00
0.000000000000000000e+00 1.283779999999999991e-03 -1.000000000000000000e+00
0.000000000000000000e+00 1.081080000000000105e-03 -1.000000000000000000e+00
0.000000000000000000e+00 7.432429999999999853e-04 8.108110000000000404e-04
0.000000000000000000e+00 6.081079999999999992e-04 -1.000000000000000000e+00
0.000000000000000000e+00 7.432429999999999853e-04 -1.000000000000000000e+00
0.000000000000000000e+00 1.148649999999999975e-03 -1.000000000000000000e+00
0.000000000000000000e+00 1.216220000000000061e-03 -1.000000000000000000e+00
0.000000000000000000e+00 1.283779999999999991e-03 -1.000000000000000000e+00
0.000000000000000000e+00 1.351350000000000077e-03 -1.000000000000000000e+00
0.000000000000000000e+00 1.351350000000000077e-03 -1.000000000000000000e+00
0.000000000000000000e+00 1.283779999999999991e-03 -1.000000000000000000e+00
