0.000000000000000000e+00 1.894740000000000009e-03 2.368419999999999987e-03
0.000000000000000000e+00 1.526320000000000064e-03 3.000000000000000062e-03
0.000000000000000000e+00 0.000000000000000000e+00 -1.000000000000000000e+00
0.000000000000000000e+00 3.526319999999999889e-03 -1.000000000000000000e+00
0.000000000000000000e+00 3.578950000000000013e-03 -1.000000000000000000e+00
0.000000000000000000e+00 3.473679999999999823e-03 -1.000000000000000000e+00
0.000000000000000000e+00 3.105259999999999878e-03 3.315789999999999883e-03
0.000000000000000000e+00 2.842110000000000122e-03 -1.000000000000000000e+00
0.000000000000000000e+00 3.157890000000000003e-03 -1.000000000000000000e+00
0.000000000000000000e+00 3.526319999999999889e-03 -1.000000000000000000e+00
0.000000000000000000e+00 3.315789999999999883e-03 -1.000000000000000000e+00
0.000000000000000000e+00 3.473679999999999823e-03 -1.000000000000000000e+00
0.000000000000000000e+00 3.315789999999999883e-03 -1.000000000000000000e+00
0.000000000000000000e+00 3.421050000000000132e-03 -1.000000000000000000e+00
