0.000000000000000000e+00 0.000000000000000000e+00 -1.000000000000000000e+00
0.000000000000000000e+00 9.185260000000000646e-03 -1.000000000000000000e+00
0.000000000000000000e+00 8.946680000000000257e-03 -1.000000000000000000e+00
0.000000000000000000e+00 9.543120000000000422e-03 9.900990000000000138e-03
0.000000000000000000e+00 9.423829999999999360e-03 -1.000000000000000000e+00
0.000000000000000000e+00 9.543120000000000422e-03 -1.000000000000000000e+00
0.000000000000000000e+00 1.002029999999999935e-02 -1.000000000000000000e+00
0.000000000000000000e+00 1.002029999999999935e-02 -1.000000000000000000e+00
0.000000000000000000e+00 1.013960000000000035e-02 -1.000000000000000000e+00
0.000000000000000000e+00 1.037809999999999948e-02 -1.000000000000000000e+00
