0.000000000000000000e+00 0.000000000000000000e+00 -1.000000000000000000e+00
0.000000000000000000e+00 3.578669999999999941e-03 -1.000000000000000000e+00
0.000000000000000000e+00 2.862940000000000016e-03 -1.000000000000000000e+00
0.000000000000000000e+00 3.220799999999999792e-03 -1.000000000000000000e+00
0.000000000000000000e+00 3.220799999999999792e-03 -1.000000000000000000e+00
0.000000000000000000e+00 3.340089999999999986e-03 -1.000000000000000000e+00
0.000000000000000000e+00 2.147200000000000150e-03 2.505069999999999866e-03
0.000000000000000000e+00 1.908619999999999978e-03 -1.000000000000000000e+00
0.000000000000000000e+00 2.147200000000000150e-03 -1.000000000000000000e+00
0.000000000000000000e+00 2.862940000000000016e-03 2.982230000000000211e-03
0.000000000000000000e+00 2.743649999999999822e-03 -1.000000000000000000e+00
0.000000000000000000e+00 2.982230000000000211e-03 -1.000000000000000000e+00
0.000000000000000000e+00 3.220799999999999792e-03 -1.000000000000000000e+00
0.000000000000000000e+00 3.340089999999999986e-03 -1.000000000000000000e+00
0.000000000000000000e+00 3.459380000000000181e-03 -1.000000000000000000e+00
0.000000000000000000e+00 3.578669999999999941e-03 -1.000000000000000000e+00
0.000000000000000000e+00 3.578669999999999941e-03 -1.000000000000000000e+00
