0.000000000000000000e+00 6.849319999999999671e-05 4.794520000000000032e-04
0.000000000000000000e+00 0.000000000000000000e+00 -1.000000000000000000e+00
0.000000000000000000e+00 1.301370000000000044e-03 -1.000000000000000000e+00
0.000000000000000000e+00 1.369860000000000088e-03 -1.000000000000000000e+00
0.000000000000000000e+00 1.404110000000000080e-03 -1.000000000000000000e+00
0.000000000000000000e+00 1.404110000000000080e-03 -1.000000000000000000e+00
0.000000000000000000e+00 1.404110000000000080e-03 -1.000000000000000000e+00
0.000000000000000000e+00 5.136989999999999482e-04 7.191780000000000048e-04
0.000000000000000000e+00 4.794520000000000032e-04 -1.000000000000000000e+00
0.000000000000000000e+00 9.931510000000000598e-04 1.130139999999999964e-03
0.000000000000000000e+00 8.904110000000000236e-04 -1.000000000000000000e+00
0.000000000000000000e+00 1.164380000000000016e-03 -1.000000000000000000e+00
0.000000000000000000e+00 1.335620000000000036e-03 -1.000000000000000000e+00
