0.000000000000000000e+00 4.048580000000000191e-04 5.263159999999999800e-04
0.000000000000000000e+00 5.668020000000000393e-04 -1.000000000000000000e+00
0.000000000000000000e+00 0.000000000000000000e+00 -1.000000000000000000e+00
0.000000000000000000e+00 8.906880000000000483e-04 -1.000000000000000000e+00
0.000000000000000000e+00 1.093119999999999942e-03 -1.000000000000000000e+00
0.000000000000000000e+00 1.174090000000000029e-03 -1.000000000000000000e+00
0.000000000000000000e+00 7.692309999999999946e-04 -1.000000000000000000e+00
0.000000000000000000e+00 1.093119999999999942e-03 -1.000000000000000000e+00
0.000000000000000000e+00 1.133600000000000016e-03 -1.000000000000000000e+00
0.000000000000000000e+00 9.716599999999999500e-04 -1.000000000000000000e+00
0.000000000000000000e+00 1.133600000000000016e-03 -1.000000000000000000e+00
0.000000000000000000e+00 1.133600000000000016e-03 -1.000000000000000000e+00
0.000000000000000000e+00 1.174090000000000029e-03 -1.000000000000000000e+00
