0.000000000000000000e+00 1.250000000000000026e-03 1.406249999999999948e-03
0.000000000000000000e+00 0.000000000000000000e+00 5.624999999999999792e-03
0.000000000000000000e+00 4.687499999999999827e-04 5.624999999999999792e-03
0.000000000000000000e+00 1.093750000000000104e-03 1.250000000000000026e-03
0.000000000000000000e+00 1.718750000000000009e-03 1.874999999999999931e-03
0.000000000000000000e+00 9.374999999999999653e-04 5.624999999999999792e-03
0.000000000000000000e+00 1.250000000000000026e-03 5.624999999999999792e-03
0.000000000000000000e+00 2.031250000000000069e-03 2.187500000000000208e-03
0.000000000000000000e+00 2.031250000000000069e-03 5.624999999999999792e-03
0.000000000000000000e+00 2.187500000000000208e-03 5.624999999999999792e-03
