0.000000000000000000e+00 0.000000000000000000e+00 -1.000000000000000000e+00
0.000000000000000000e+00 2.052630000000000166e-03 -1.000000000000000000e+00
0.000000000000000000e+00 1.894740000000000009e-03 -1.000000000000000000e+00
0.000000000000000000e+00 1.947369999999999917e-03 -1.000000000000000000e+00
0.000000000000000000e+00 8.421050000000000020e-04 1.105260000000000053e-03
0.000000000000000000e+00 5.263159999999999800e-04 -1.000000000000000000e+00
0.000000000000000000e+00 1.368419999999999966e-03 1.789470000000000036e-03
0.000000000000000000e+00 1.684210000000000004e-03 1.789470000000000036e-03
0.000000000000000000e+00 1.157889999999999961e-03 -1.000000000000000000e+00
0.000000000000000000e+00 1.789470000000000036e-03 1.894740000000000009e-03
0.000000000000000000e+00 1.842110000000000102e-03 1.894740000000000009e-03
0.000000000000000000e+00 1.789470000000000036e-03 -1.000000000000000000e+00
0.000000000000000000e+00 1.894740000000000009e-03 -1.000000000000000000e+00
0.000000000000000000e+00 2.052630000000000166e-03 -1.000000000000000000e+00
0.000000000000000000e+00 1.894740000000000009e-03 -1.000000000000000000e+00
