0.000000000000000000e+00 0.000000000000000000e+00 -1.000000000000000000e+00
0.000000000000000000e+00 6.842109999999999989e-04 -1.000000000000000000e+00
0.000000000000000000e+00 2.315789999999999862e-03 2.736839999999999933e-03
0.000000000000000000e+00 1.526320000000000064e-03 -1.000000000000000000e+00
0.000000000000000000e+00 2.736839999999999933e-03 2.842110000000000122e-03
0.000000000000000000e+00 2.789470000000000057e-03 2.842110000000000122e-03
0.000000000000000000e+00 2.526319999999999868e-03 -1.000000000000000000e+00
0.000000000000000000e+00 2.736839999999999933e-03 -1.000000000000000000e+00
0.000000000000000000e+00 2.842110000000000122e-03 -1.000000000000000000e+00
0.000000000000000000e+00 2.842110000000000122e-03 -1.000000000000000000e+00
0.000000000000000000e+00 2.736839999999999933e-03 -1.000000000000000000e+00
0.000000000000000000e+00 2.842110000000000122e-03 -1.000000000000000000e+00
