0.000000000000000000e+00 0.000000000000000000e+00 -1.000000000000000000e+00
0.000000000000000000e+00 6.448599999999999645e-03 -1.000000000000000000e+00
0.000000000000000000e+00 2.616820000000000170e-03 -1.000000000000000000e+00
0.000000000000000000e+00 4.392519999999999585e-03 -1.000000000000000000e+00
0.000000000000000000e+00 6.168220000000000300e-03 -1.000000000000000000e+00
0.000000000000000000e+00 6.448599999999999645e-03 6.542059999999999716e-03
0.000000000000000000e+00 6.448599999999999645e-03 -1.000000000000000000e+00
0.000000000000000000e+00 6.542059999999999716e-03 -1.000000000000000000e+00
0.000000000000000000e+00 6.542059999999999716e-03 -1.000000000000000000e+00
0.000000000000000000e+00 6.542059999999999716e-03 -1.000000000000000000e+00
