0.000000000000000000e+00 0.000000000000000000e+00 -1.000000000000000000e+00
0.000000000000000000e+00 4.771560000000000103e-04 -1.000000000000000000e+00
0.000000000000000000e+00 1.550759999999999986e-03 -1.000000000000000000e+00
0.000000000000000000e+00 2.385780000000000051e-04 -1.000000000000000000e+00
0.000000000000000000e+00 1.312180000000000030e-03 -1.000000000000000000e+00
0.000000000000000000e+00 1.670049999999999963e-03 -1.000000000000000000e+00
0.000000000000000000e+00 1.073600000000000075e-03 -1.000000000000000000e+00
0.000000000000000000e+00 1.670049999999999963e-03 -1.000000000000000000e+00
0.000000000000000000e+00 9.543120000000000205e-04 -1.000000000000000000e+00
0.000000000000000000e+00 1.670049999999999963e-03 -1.000000000000000000e+00
0.000000000000000000e+00 1.312180000000000030e-03 -1.000000000000000000e+00
0.000000000000000000e+00 1.550759999999999986e-03 -1.000000000000000000e+00
0.000000000000000000e+00 1.550759999999999986e-03 -1.000000000000000000e+00
