0.000000000000000000e+00 0.000000000000000000e+00 -1.000000000000000000e+00
0.000000000000000000e+00 2.000000000000000042e-03 -1.000000000000000000e+00
0.000000000000000000e+00 1.222219999999999990e-03 -1.000000000000000000e+00
0.000000000000000000e+00 2.444439999999999981e-03 -1.000000000000000000e+00
0.000000000000000000e+00 2.333330000000000213e-03 -1.000000000000000000e+00
0.000000000000000000e+00 2.000000000000000042e-03 2.333330000000000213e-03
0.000000000000000000e+00 1.888890000000000057e-03 2.333330000000000213e-03
0.000000000000000000e+00 1.888890000000000057e-03 2.333330000000000213e-03
0.000000000000000000e+00 1.444439999999999960e-03 -1.000000000000000000e+00
0.000000000000000000e+00 2.333330000000000213e-03 -1.000000000000000000e+00
0.000000000000000000e+00 2.333330000000000213e-03 -1.000000000000000000e+00
0.000000000000000000e+00 2.111109999999999810e-03 -1.000000000000000000e+00
0.000000000000000000e+00 2.333330000000000213e-03 -1.000000000000000000e+00
0.000000000000000000e+00 2.333330000000000213e-03 -1.000000000000000000e+00
