0.000000000000000000e+00 3.052630000000000187e-03 3.210530000000000068e-03
0.000000000000000000e+00 2.894739999999999813e-03 -1.000000000000000000e+00
0.000000000000000000e+00 0.000000000000000000e+00 -1.000000000000000000e+00
0.000000000000000000e+00 3.578950000000000013e-03 -1.000000000000000000e+00
0.000000000000000000e+00 3.578950000000000013e-03 -1.000000000000000000e+00
0.000000000000000000e+00 3.473679999999999823e-03 3.526319999999999889e-03
0.000000000000000000e+00 3.315789999999999883e-03 3.526319999999999889e-03
0.000000000000000000e+00 3.210530000000000068e-03 -1.000000000000000000e+00
0.000000000000000000e+00 3.526319999999999889e-03 -1.000000000000000000e+00
0.000000000000000000e+00 3.578950000000000013e-03 -1.000000000000000000e+00
0.000000000000000000e+00 3.631580000000000138e-03 -1.000000000000000000e+00
0.000000000000000000e+00 3.315789999999999883e-03 -1.000000000000000000e+00
0.000000000000000000e+00 3.631580000000000138e-03 -1.000000000000000000e+00
0.000000000000000000e+00 3.526319999999999889e-03 -1.000000000000000000e+00
0.000000000000000000e+00 3.578950000000000013e-03 -1.000000000000000000e+00
