0.000000000000000000e+00 3.424659999999999835e-05 4.452050000000000039e-04
0.000000000000000000e+00 0.000000000000000000e+00 -1.000000000000000000e+00
0.000000000000000000e+00 1.335620000000000036e-03 -1.000000000000000000e+00
0.000000000000000000e+00 1.369860000000000088e-03 -1.000000000000000000e+00
0.000000000000000000e+00 1.164380000000000016e-03 -1.000000000000000000e+00
0.000000000000000000e+00 1.095889999999999972e-03 -1.000000000000000000e+00
0.000000000000000000e+00 1.335620000000000036e-03 -1.000000000000000000e+00
0.000000000000000000e+00 7.876709999999999875e-04 8.561639999999999702e-04
0.000000000000000000e+00 6.849319999999999671e-05 -1.000000000000000000e+00
0.000000000000000000e+00 1.095889999999999972e-03 -1.000000000000000000e+00
0.000000000000000000e+00 1.369860000000000088e-03 -1.000000000000000000e+00
0.000000000000000000e+00 5.821920000000000393e-04 -1.000000000000000000e+00
0.000000000000000000e+00 9.931510000000000598e-04 -1.000000000000000000e+00
0.000000000000000000e+00 1.301370000000000044e-03 -1.000000000000000000e+00
