0.000000000000000000e+00 4.065040000000000233e-04 4.878050000000000094e-04
0.000000000000000000e+00 0.000000000000000000e+00 -1.000000000000000000e+00
0.000000000000000000e+00 1.300809999999999900e-03 -1.000000000000000000e+00
0.000000000000000000e+00 1.544720000000000077e-03 -1.000000000000000000e+00
0.000000000000000000e+00 1.382109999999999979e-03 1.463410000000000058e-03
0.000000000000000000e+00 1.382109999999999979e-03 1.463410000000000058e-03
0.000000000000000000e+00 1.138209999999999960e-03 -1.000000000000000000e+00
0.000000000000000000e+00 1.463410000000000058e-03 1.544720000000000077e-03
0.000000000000000000e+00 1.463410000000000058e-03 1.544720000000000077e-03
0.000000000000000000e+00 1.463410000000000058e-03 -1.000000000000000000e+00
0.000000000000000000e+00 1.544720000000000077e-03 -1.000000000000000000e+00
0.000000000000000000e+00 1.544720000000000077e-03 -1.000000000000000000e+00
0.000000000000000000e+00 1.544720000000000077e-03 -1.000000000000000000e+00
0.000000000000000000e+00 1.544720000000000077e-03 -1.000000000000000000e+00
