0.000000000000000000e+00 0.000000000000000000e+00 -1.000000000000000000e+00
0.000000000000000000e+00 2.453989999999999861e-04 -1.000000000000000000e+00
0.000000000000000000e+00 2.249490000000000040e-04 -1.000000000000000000e+00
0.000000000000000000e+00 2.658490000000000224e-04 -1.000000000000000000e+00
0.000000000000000000e+00 3.271980000000000071e-04 -1.000000000000000000e+00
0.000000000000000000e+00 1.840490000000000127e-04 -1.000000000000000000e+00
0.000000000000000000e+00 2.453989999999999861e-04 -1.000000000000000000e+00
0.000000000000000000e+00 3.271980000000000071e-04 -1.000000000000000000e+00
0.000000000000000000e+00 3.271980000000000071e-04 -1.000000000000000000e+00
0.000000000000000000e+00 3.271980000000000071e-04 -1.000000000000000000e+00
