0.000000000000000000e+00 0.000000000000000000e+00 -1.000000000000000000e+00
0.000000000000000000e+00 9.589040000000000064e-04 -1.000000000000000000e+00
0.000000000000000000e+00 1.301370000000000044e-03 -1.000000000000000000e+00
0.000000000000000000e+00 9.931510000000000598e-04 -1.000000000000000000e+00
0.000000000000000000e+00 4.109590000000000205e-04 4.794520000000000032e-04
0.000000000000000000e+00 3.767120000000000212e-04 -1.000000000000000000e+00
0.000000000000000000e+00 9.589040000000000064e-04 -1.000000000000000000e+00
0.000000000000000000e+00 1.267120000000000052e-03 1.335620000000000036e-03
0.000000000000000000e+00 1.198630000000000008e-03 -1.000000000000000000e+00
0.000000000000000000e+00 1.335620000000000036e-03 -1.000000000000000000e+00
0.000000000000000000e+00 1.335620000000000036e-03 -1.000000000000000000e+00
