0.000000000000000000e+00 1.869159999999999973e-04 2.803740000000000095e-04
0.000000000000000000e+00 0.000000000000000000e+00 -1.000000000000000000e+00
0.000000000000000000e+00 1.121500000000000101e-03 -1.000000000000000000e+00
0.000000000000000000e+00 1.214950000000000014e-03 -1.000000000000000000e+00
0.000000000000000000e+00 9.345790000000000521e-05 -1.000000000000000000e+00
0.000000000000000000e+00 8.411210000000000128e-04 -1.000000000000000000e+00
0.000000000000000000e+00 1.214950000000000014e-03 1.308410000000000085e-03
0.000000000000000000e+00 1.121500000000000101e-03 -1.000000000000000000e+00
0.000000000000000000e+00 1.308410000000000085e-03 -1.000000000000000000e+00
0.000000000000000000e+00 1.308410000000000085e-03 -1.000000000000000000e+00
