0.000000000000000000e+00 0.000000000000000000e+00 -1.000000000000000000e+00
0.000000000000000000e+00 2.972970000000000126e-03 -1.000000000000000000e+00
0.000000000000000000e+00 2.432430000000000182e-03 2.702700000000000154e-03
0.000000000000000000e+00 2.635139999999999792e-03 2.702700000000000154e-03
0.000000000000000000e+00 1.756760000000000006e-03 -1.000000000000000000e+00
0.000000000000000000e+00 2.837839999999999894e-03 2.972970000000000126e-03
0.000000000000000000e+00 2.905410000000000197e-03 2.972970000000000126e-03
0.000000000000000000e+00 2.837839999999999894e-03 2.972970000000000126e-03
0.000000000000000000e+00 2.702700000000000154e-03 2.972970000000000126e-03
0.000000000000000000e+00 2.702700000000000154e-03 -1.000000000000000000e+00
0.000000000000000000e+00 2.972970000000000126e-03 -1.000000000000000000e+00
0.000000000000000000e+00 2.972970000000000126e-03 -1.000000000000000000e+00
0.000000000000000000e+00 2.972970000000000126e-03 -1.000000000000000000e+00
0.000000000000000000e+00 2.972970000000000126e-03 -1.000000000000000000e+00
0.000000000000000000e+00 2.972970000000000126e-03 -1.000000000000000000e+00
0.000000000000000000e+00 3.040539999999999996e-03 -1.000000000000000000e+00
