0.000000000000000000e+00 3.082189999999999843e-04 5.821920000000000393e-04
0.000000000000000000e+00 0.000000000000000000e+00 -1.000000000000000000e+00
0.000000000000000000e+00 6.506850000000000220e-04 -1.000000000000000000e+00
0.000000000000000000e+00 1.130139999999999964e-03 -1.000000000000000000e+00
0.000000000000000000e+00 1.301370000000000044e-03 -1.000000000000000000e+00
0.000000000000000000e+00 1.232880000000000000e-03 -1.000000000000000000e+00
0.000000000000000000e+00 1.301370000000000044e-03 -1.000000000000000000e+00
0.000000000000000000e+00 1.301370000000000044e-03 -1.000000000000000000e+00
0.000000000000000000e+00 4.109590000000000205e-04 -1.000000000000000000e+00
0.000000000000000000e+00 1.335620000000000036e-03 -1.000000000000000000e+00
0.000000000000000000e+00 1.232880000000000000e-03 -1.000000000000000000e+00
0.000000000000000000e+00 7.876709999999999875e-04 -1.000000000000000000e+00
0.000000000000000000e+00 1.095889999999999972e-03 -1.000000000000000000e+00
0.000000000000000000e+00 1.164380000000000016e-03 -1.000000000000000000e+00
