0.000000000000000000e+00 0.000000000000000000e+00 -1.000000000000000000e+00
0.000000000000000000e+00 4.138939999999999807e-03 -1.000000000000000000e+00
0.000000000000000000e+00 4.382409999999999778e-03 -1.000000000000000000e+00
0.000000000000000000e+00 3.083910000000000037e-03 -1.000000000000000000e+00
0.000000000000000000e+00 4.301250000000000386e-03 -1.000000000000000000e+00
0.000000000000000000e+00 4.220090000000000126e-03 -1.000000000000000000e+00
0.000000000000000000e+00 4.382409999999999778e-03 -1.000000000000000000e+00
0.000000000000000000e+00 4.382409999999999778e-03 -1.000000000000000000e+00
0.000000000000000000e+00 4.301250000000000386e-03 -1.000000000000000000e+00
0.000000000000000000e+00 4.382409999999999778e-03 -1.000000000000000000e+00
0.000000000000000000e+00 4.382409999999999778e-03 -1.000000000000000000e+00
0.000000000000000000e+00 4.382409999999999778e-03 -1.000000000000000000e+00
