0.000000000000000000e+00 7.168460000000000142e-05 2.508960000000000183e-04
0.000000000000000000e+00 3.584230000000000071e-05 -1.000000000000000000e+00
0.000000000000000000e+00 1.075270000000000024e-04 -1.000000000000000000e+00
0.000000000000000000e+00 0.000000000000000000e+00 -1.000000000000000000e+00
0.000000000000000000e+00 2.867379999999999777e-04 -1.000000000000000000e+00
0.000000000000000000e+00 2.867379999999999777e-04 -1.000000000000000000e+00
0.000000000000000000e+00 5.734769999999999712e-04 -1.000000000000000000e+00
0.000000000000000000e+00 5.376340000000000502e-04 -1.000000000000000000e+00
0.000000000000000000e+00 3.584230000000000207e-04 -1.000000000000000000e+00
0.000000000000000000e+00 5.376340000000000502e-04 -1.000000000000000000e+00
