0.000000000000000000e+00 4.498980000000000080e-04 -1.000000000000000000e+00
0.000000000000000000e+00 3.476479999999999891e-04 -1.000000000000000000e+00
0.000000000000000000e+00 0.000000000000000000e+00 -1.000000000000000000e+00
0.000000000000000000e+00 4.498980000000000080e-04 -1.000000000000000000e+00
0.000000000000000000e+00 4.089979999999999896e-04 -1.000000000000000000e+00
0.000000000000000000e+00 2.862990000000000044e-04 -1.000000000000000000e+00
0.000000000000000000e+00 3.271980000000000071e-04 -1.000000000000000000e+00
0.000000000000000000e+00 4.294480000000000259e-04 -1.000000000000000000e+00
0.000000000000000000e+00 4.498980000000000080e-04 -1.000000000000000000e+00
0.000000000000000000e+00 3.476479999999999891e-04 -1.000000000000000000e+00
