0.000000000000000000e+00 2.834010000000000196e-04 4.858299999999999750e-04
0.000000000000000000e+00 0.000000000000000000e+00 -1.000000000000000000e+00
0.000000000000000000e+00 1.012150000000000072e-03 -1.000000000000000000e+00
0.000000000000000000e+00 2.834010000000000196e-04 -1.000000000000000000e+00
0.000000000000000000e+00 8.906880000000000483e-04 -1.000000000000000000e+00
0.000000000000000000e+00 9.311739999999999991e-04 -1.000000000000000000e+00
0.000000000000000000e+00 6.072869999999999744e-04 -1.000000000000000000e+00
0.000000000000000000e+00 1.012150000000000072e-03 1.052629999999999929e-03
0.000000000000000000e+00 8.906880000000000483e-04 -1.000000000000000000e+00
0.000000000000000000e+00 9.311739999999999991e-04 -1.000000000000000000e+00
0.000000000000000000e+00 1.052629999999999929e-03 -1.000000000000000000e+00
0.000000000000000000e+00 1.012150000000000072e-03 -1.000000000000000000e+00
0.000000000000000000e+00 1.052629999999999929e-03 -1.000000000000000000e+00
0.000000000000000000e+00 1.052629999999999929e-03 -1.000000000000000000e+00
