0.000000000000000000e+00 8.179959999999999521e-05 1.267890000000000033e-03
0.000000000000000000e+00 0.000000000000000000e+00 -1.000000000000000000e+00
0.000000000000000000e+00 1.451940000000000088e-03 -1.000000000000000000e+00
0.000000000000000000e+00 1.472390000000000070e-03 -1.000000000000000000e+00
0.000000000000000000e+00 1.226990000000000068e-03 -1.000000000000000000e+00
0.000000000000000000e+00 1.390589999999999925e-03 -1.000000000000000000e+00
0.000000000000000000e+00 1.574639999999999981e-03 -1.000000000000000000e+00
0.000000000000000000e+00 1.533740000000000017e-03 -1.000000000000000000e+00
0.000000000000000000e+00 1.267890000000000033e-03 -1.000000000000000000e+00
0.000000000000000000e+00 1.554189999999999999e-03 -1.000000000000000000e+00
0.000000000000000000e+00 1.554189999999999999e-03 -1.000000000000000000e+00
0.000000000000000000e+00 1.451940000000000088e-03 -1.000000000000000000e+00
