0.000000000000000000e+00 2.867379999999999777e-04 3.225810000000000071e-04
0.000000000000000000e+00 4.659500000000000230e-04 5.734769999999999712e-04
0.000000000000000000e+00 0.000000000000000000e+00 -1.000000000000000000e+00
0.000000000000000000e+00 1.075270000000000024e-04 -1.000000000000000000e+00
0.000000000000000000e+00 3.584230000000000207e-04 -1.000000000000000000e+00
0.000000000000000000e+00 3.584230000000000207e-04 -1.000000000000000000e+00
0.000000000000000000e+00 6.093189999999999848e-04 -1.000000000000000000e+00
0.000000000000000000e+00 6.093189999999999848e-04 -1.000000000000000000e+00
0.000000000000000000e+00 5.734769999999999712e-04 -1.000000000000000000e+00
0.000000000000000000e+00 6.451609999999999984e-04 -1.000000000000000000e+00
