0.000000000000000000e+00 5.333329999999999842e-04 1.000000000000000021e-03
0.000000000000000000e+00 2.000000000000000042e-03 2.799999999999999972e-03
0.000000000000000000e+00 2.533329999999999870e-03 -1.000000000000000000e+00
0.000000000000000000e+00 0.000000000000000000e+00 -1.000000000000000000e+00
0.000000000000000000e+00 2.799999999999999972e-03 -1.000000000000000000e+00
0.000000000000000000e+00 1.133330000000000101e-03 1.399999999999999986e-03
0.000000000000000000e+00 1.066670000000000031e-03 -1.000000000000000000e+00
0.000000000000000000e+00 1.399999999999999986e-03 1.466669999999999996e-03
0.000000000000000000e+00 1.133330000000000101e-03 -1.000000000000000000e+00
0.000000000000000000e+00 1.466669999999999996e-03 -1.000000000000000000e+00
0.000000000000000000e+00 1.533330000000000066e-03 -1.000000000000000000e+00
0.000000000000000000e+00 2.399999999999999790e-03 -1.000000000000000000e+00
0.000000000000000000e+00 2.399999999999999790e-03 -1.000000000000000000e+00
0.000000000000000000e+00 2.666669999999999891e-03 -1.000000000000000000e+00
0.000000000000000000e+00 2.866669999999999982e-03 -1.000000000000000000e+00
0.000000000000000000e+00 2.866669999999999982e-03 -1.000000000000000000e+00
0.000000000000000000e+00 2.866669999999999982e-03 -1.000000000000000000e+00
0.000000000000000000e+00 2.866669999999999982e-03 -1.000000000000000000e+00
