0.000000000000000000e+00 0.000000000000000000e+00 -1.000000000000000000e+00
0.000000000000000000e+00 1.891890000000000021e-03 -1.000000000000000000e+00
0.000000000000000000e+00 1.148649999999999975e-03 -1.000000000000000000e+00
0.000000000000000000e+00 1.554049999999999963e-03 -1.000000000000000000e+00
0.000000000000000000e+00 1.756760000000000006e-03 1.891890000000000021e-03
0.000000000000000000e+00 1.824319999999999935e-03 1.891890000000000021e-03
0.000000000000000000e+00 1.756760000000000006e-03 -1.000000000000000000e+00
0.000000000000000000e+00 1.891890000000000021e-03 -1.000000000000000000e+00
0.000000000000000000e+00 1.891890000000000021e-03 -1.000000000000000000e+00
0.000000000000000000e+00 1.891890000000000021e-03 -1.000000000000000000e+00
0.000000000000000000e+00 1.891890000000000021e-03 -1.000000000000000000e+00
0.000000000000000000e+00 1.891890000000000021e-03 -1.000000000000000000e+00
