0.000000000000000000e+00 1.678079999999999980e-03 2.294519999999999980e-03
0.000000000000000000e+00 0.000000000000000000e+00 -1.000000000000000000e+00
0.000000000000000000e+00 3.082189999999999843e-03 -1.000000000000000000e+00
0.000000000000000000e+00 3.082189999999999843e-03 -1.000000000000000000e+00
0.000000000000000000e+00 3.082189999999999843e-03 -1.000000000000000000e+00
0.000000000000000000e+00 2.636990000000000080e-03 2.773970000000000168e-03
0.000000000000000000e+00 2.363010000000000024e-03 3.082189999999999843e-03
0.000000000000000000e+00 1.678079999999999980e-03 -1.000000000000000000e+00
0.000000000000000000e+00 2.773970000000000168e-03 -1.000000000000000000e+00
0.000000000000000000e+00 3.082189999999999843e-03 -1.000000000000000000e+00
0.000000000000000000e+00 2.910960000000000197e-03 -1.000000000000000000e+00
0.000000000000000000e+00 2.979449999999999807e-03 -1.000000000000000000e+00
0.000000000000000000e+00 3.082189999999999843e-03 -1.000000000000000000e+00
