0.000000000000000000e+00 0.000000000000000000e+00 -1.000000000000000000e+00
0.000000000000000000e+00 1.182799999999999910e-03 -1.000000000000000000e+00
0.000000000000000000e+00 1.899639999999999966e-03 -1.000000000000000000e+00
0.000000000000000000e+00 0.000000000000000000e+00 -1.000000000000000000e+00
0.000000000000000000e+00 1.720430000000000006e-03 -1.000000000000000000e+00
0.000000000000000000e+00 1.792109999999999970e-03 -1.000000000000000000e+00
0.000000000000000000e+00 1.577059999999999920e-03 -1.000000000000000000e+00
0.000000000000000000e+00 1.648750000000000042e-03 -1.000000000000000000e+00
0.000000000000000000e+00 1.792109999999999970e-03 -1.000000000000000000e+00
0.000000000000000000e+00 1.827960000000000002e-03 -1.000000000000000000e+00
