0.000000000000000000e+00 1.198630000000000008e-03 1.267120000000000052e-03
0.000000000000000000e+00 1.369860000000000088e-03 1.438360000000000073e-03
0.000000000000000000e+00 0.000000000000000000e+00 -1.000000000000000000e+00
0.000000000000000000e+00 1.746579999999999964e-03 -1.000000000000000000e+00
0.000000000000000000e+00 1.472599999999999907e-03 1.506849999999999900e-03
0.000000000000000000e+00 1.267120000000000052e-03 -1.000000000000000000e+00
0.000000000000000000e+00 1.541099999999999892e-03 -1.000000000000000000e+00
0.000000000000000000e+00 1.643839999999999928e-03 -1.000000000000000000e+00
0.000000000000000000e+00 1.746579999999999964e-03 -1.000000000000000000e+00
0.000000000000000000e+00 1.815070000000000008e-03 -1.000000000000000000e+00
