0.000000000000000000e+00 0.000000000000000000e+00 -1.000000000000000000e+00
0.000000000000000000e+00 4.102559999999999887e-03 -1.000000000000000000e+00
0.000000000000000000e+00 4.102559999999999887e-03 -1.000000000000000000e+00
0.000000000000000000e+00 4.358970000000000206e-03 -1.000000000000000000e+00
0.000000000000000000e+00 4.102559999999999887e-03 -1.000000000000000000e+00
0.000000000000000000e+00 4.358970000000000206e-03 -1.000000000000000000e+00
0.000000000000000000e+00 4.102559999999999887e-03 -1.000000000000000000e+00
0.000000000000000000e+00 3.846150000000000003e-03 -1.000000000000000000e+00
0.000000000000000000e+00 4.358970000000000206e-03 -1.000000000000000000e+00
0.000000000000000000e+00 4.358970000000000206e-03 -1.000000000000000000e+00
0.000000000000000000e+00 2.307689999999999828e-03 -1.000000000000000000e+00
0.000000000000000000e+00 3.333329999999999800e-03 -1.000000000000000000e+00
0.000000000000000000e+00 4.358970000000000206e-03 -1.000000000000000000e+00
0.000000000000000000e+00 4.358970000000000206e-03 -1.000000000000000000e+00
0.000000000000000000e+00 4.358970000000000206e-03 -1.000000000000000000e+00
