0.000000000000000000e+00 0.000000000000000000e+00 -1.000000000000000000e+00
0.000000000000000000e+00 1.372549999999999942e-03 -1.000000000000000000e+00
0.000000000000000000e+00 1.078430000000000014e-03 -1.000000000000000000e+00
0.000000000000000000e+00 1.274509999999999966e-03 -1.000000000000000000e+00
0.000000000000000000e+00 1.176469999999999990e-03 1.372549999999999942e-03
0.000000000000000000e+00 1.274509999999999966e-03 1.372549999999999942e-03
0.000000000000000000e+00 1.078430000000000014e-03 -1.000000000000000000e+00
0.000000000000000000e+00 1.274509999999999966e-03 -1.000000000000000000e+00
0.000000000000000000e+00 1.372549999999999942e-03 -1.000000000000000000e+00
0.000000000000000000e+00 1.372549999999999942e-03 -1.000000000000000000e+00
0.000000000000000000e+00 1.372549999999999942e-03 -1.000000000000000000e+00
0.000000000000000000e+00 1.372549999999999942e-03 -1.000000000000000000e+00
