0.000000000000000000e+00 2.789470000000000057e-03 -1.000000000000000000e+00
0.000000000000000000e+00 1.894740000000000009e-03 -1.000000000000000000e+00
0.000000000000000000e+00 7.368420000000000308e-04 -1.000000000000000000e+00
0.000000000000000000e+00 2.789470000000000057e-03 -1.000000000000000000e+00
0.000000000000000000e+00 0.000000000000000000e+00 -1.000000000000000000e+00
0.000000000000000000e+00 2.421050000000000112e-03 -1.000000000000000000e+00
0.000000000000000000e+00 1.631580000000000096e-03 -1.000000000000000000e+00
0.000000000000000000e+00 2.631580000000000117e-03 -1.000000000000000000e+00
0.000000000000000000e+00 2.526319999999999868e-03 2.631580000000000117e-03
0.000000000000000000e+00 2.368419999999999987e-03 -1.000000000000000000e+00
0.000000000000000000e+00 2.631580000000000117e-03 2.684209999999999808e-03
0.000000000000000000e+00 2.631580000000000117e-03 -1.000000000000000000e+00
0.000000000000000000e+00 2.736839999999999933e-03 -1.000000000000000000e+00
0.000000000000000000e+00 2.736839999999999933e-03 -1.000000000000000000e+00
0.000000000000000000e+00 2.684209999999999808e-03 -1.000000000000000000e+00
