0.000000000000000000e+00 0.000000000000000000e+00 -1.000000000000000000e+00
0.000000000000000000e+00 2.044989999999999948e-04 -1.000000000000000000e+00
0.000000000000000000e+00 3.885480000000000075e-04 -1.000000000000000000e+00
0.000000000000000000e+00 4.089979999999999896e-04 -1.000000000000000000e+00
0.000000000000000000e+00 4.703479999999999901e-04 -1.000000000000000000e+00
0.000000000000000000e+00 3.885480000000000075e-04 -1.000000000000000000e+00
0.000000000000000000e+00 5.521470000000000111e-04 -1.000000000000000000e+00
0.000000000000000000e+00 5.316970000000000290e-04 -1.000000000000000000e+00
0.000000000000000000e+00 5.521470000000000111e-04 -1.000000000000000000e+00
0.000000000000000000e+00 5.725969999999999931e-04 -1.000000000000000000e+00
