0.000000000000000000e+00 0.000000000000000000e+00 -1.000000000000000000e+00
0.000000000000000000e+00 2.251659999999999946e-03 -1.000000000000000000e+00
0.000000000000000000e+00 3.774829999999999852e-03 -1.000000000000000000e+00
0.000000000000000000e+00 1.192050000000000054e-03 -1.000000000000000000e+00
0.000000000000000000e+00 2.649009999999999820e-03 -1.000000000000000000e+00
0.000000000000000000e+00 3.509930000000000081e-03 -1.000000000000000000e+00
0.000000000000000000e+00 3.708610000000000205e-03 -1.000000000000000000e+00
0.000000000000000000e+00 3.708610000000000205e-03 -1.000000000000000000e+00
0.000000000000000000e+00 3.377479999999999979e-03 -1.000000000000000000e+00
0.000000000000000000e+00 3.774829999999999852e-03 -1.000000000000000000e+00
