0.000000000000000000e+00 3.738319999999999946e-04 4.672899999999999797e-04
0.000000000000000000e+00 0.000000000000000000e+00 -1.000000000000000000e+00
0.000000000000000000e+00 5.607480000000000190e-04 8.411210000000000128e-04
0.000000000000000000e+00 5.607480000000000190e-04 -1.000000000000000000e+00
0.000000000000000000e+00 8.411210000000000128e-04 -1.000000000000000000e+00
0.000000000000000000e+00 1.121500000000000101e-03 -1.000000000000000000e+00
0.000000000000000000e+00 1.214950000000000014e-03 -1.000000000000000000e+00
0.000000000000000000e+00 1.401869999999999939e-03 -1.000000000000000000e+00
0.000000000000000000e+00 1.401869999999999939e-03 1.495330000000000010e-03
0.000000000000000000e+00 1.401869999999999939e-03 -1.000000000000000000e+00
0.000000000000000000e+00 1.495330000000000010e-03 -1.000000000000000000e+00
0.000000000000000000e+00 1.495330000000000010e-03 -1.000000000000000000e+00
0.000000000000000000e+00 1.588790000000000081e-03 -1.000000000000000000e+00
