0.000000000000000000e+00 0.000000000000000000e+00 -1.000000000000000000e+00
0.000000000000000000e+00 1.324499999999999940e-03 -1.000000000000000000e+00
0.000000000000000000e+00 1.456950000000000042e-03 -1.000000000000000000e+00
0.000000000000000000e+00 3.112580000000000208e-03 -1.000000000000000000e+00
0.000000000000000000e+00 4.768210000000000157e-03 -1.000000000000000000e+00
0.000000000000000000e+00 4.569540000000000407e-03 -1.000000000000000000e+00
0.000000000000000000e+00 4.701989999999999642e-03 -1.000000000000000000e+00
0.000000000000000000e+00 4.768210000000000157e-03 -1.000000000000000000e+00
0.000000000000000000e+00 4.172190000000000100e-03 -1.000000000000000000e+00
0.000000000000000000e+00 4.701989999999999642e-03 -1.000000000000000000e+00
0.000000000000000000e+00 4.701989999999999642e-03 -1.000000000000000000e+00
