0.000000000000000000e+00 7.876709999999999875e-04 8.561639999999999702e-04
0.000000000000000000e+00 0.000000000000000000e+00 -1.000000000000000000e+00
0.000000000000000000e+00 1.575339999999999943e-03 -1.000000000000000000e+00
0.000000000000000000e+00 1.130139999999999964e-03 -1.000000000000000000e+00
0.000000000000000000e+00 1.061639999999999980e-03 1.164380000000000016e-03
0.000000000000000000e+00 9.246579999999999687e-04 -1.000000000000000000e+00
0.000000000000000000e+00 1.301370000000000044e-03 -1.000000000000000000e+00
0.000000000000000000e+00 1.438360000000000073e-03 -1.000000000000000000e+00
0.000000000000000000e+00 1.541099999999999892e-03 -1.000000000000000000e+00
0.000000000000000000e+00 1.575339999999999943e-03 -1.000000000000000000e+00
