0.000000000000000000e+00 1.111110000000000006e-04 1.222219999999999990e-03
0.000000000000000000e+00 0.000000000000000000e+00 -1.000000000000000000e+00
0.000000000000000000e+00 4.111110000000000285e-03 -1.000000000000000000e+00
0.000000000000000000e+00 3.888889999999999882e-03 -1.000000000000000000e+00
0.000000000000000000e+00 3.888889999999999882e-03 -1.000000000000000000e+00
0.000000000000000000e+00 3.777780000000000114e-03 -1.000000000000000000e+00
0.000000000000000000e+00 0.000000000000000000e+00 -1.000000000000000000e+00
0.000000000000000000e+00 4.111110000000000285e-03 -1.000000000000000000e+00
0.000000000000000000e+00 2.111109999999999810e-03 2.666669999999999891e-03
0.000000000000000000e+00 3.888889999999999882e-03 -1.000000000000000000e+00
0.000000000000000000e+00 3.888889999999999882e-03 -1.000000000000000000e+00
0.000000000000000000e+00 1.555560000000000102e-03 -1.000000000000000000e+00
0.000000000000000000e+00 3.666669999999999912e-03 -1.000000000000000000e+00
0.000000000000000000e+00 3.777780000000000114e-03 -1.000000000000000000e+00
0.000000000000000000e+00 3.000000000000000062e-03 -1.000000000000000000e+00
0.000000000000000000e+00 3.888889999999999882e-03 -1.000000000000000000e+00
0.000000000000000000e+00 4.111110000000000285e-03 -1.000000000000000000e+00
