0.000000000000000000e+00 1.214569999999999994e-04 1.619430000000000045e-04
0.000000000000000000e+00 8.097170000000000268e-05 1.619430000000000045e-04
0.000000000000000000e+00 0.000000000000000000e+00 -1.000000000000000000e+00
0.000000000000000000e+00 1.619430000000000045e-04 -1.000000000000000000e+00
0.000000000000000000e+00 2.429149999999999875e-04 -1.000000000000000000e+00
0.000000000000000000e+00 2.834010000000000196e-04 3.238870000000000247e-04
0.000000000000000000e+00 2.024290000000000095e-04 -1.000000000000000000e+00
0.000000000000000000e+00 3.238870000000000247e-04 -1.000000000000000000e+00
0.000000000000000000e+00 2.429149999999999875e-04 -1.000000000000000000e+00
0.000000000000000000e+00 3.238870000000000247e-04 -1.000000000000000000e+00
