0.000000000000000000e+00 9.345790000000000521e-05 2.803740000000000095e-04
0.000000000000000000e+00 6.542059999999999499e-04 -1.000000000000000000e+00
0.000000000000000000e+00 0.000000000000000000e+00 -1.000000000000000000e+00
0.000000000000000000e+00 2.803740000000000095e-04 -1.000000000000000000e+00
0.000000000000000000e+00 9.345790000000000521e-04 -1.000000000000000000e+00
0.000000000000000000e+00 9.345790000000000521e-04 -1.000000000000000000e+00
0.000000000000000000e+00 2.803740000000000095e-04 3.738319999999999946e-04
0.000000000000000000e+00 8.411210000000000128e-04 -1.000000000000000000e+00
0.000000000000000000e+00 1.869159999999999973e-04 -1.000000000000000000e+00
0.000000000000000000e+00 6.542059999999999499e-04 7.476639999999999892e-04
0.000000000000000000e+00 3.738319999999999946e-04 -1.000000000000000000e+00
0.000000000000000000e+00 7.476639999999999892e-04 -1.000000000000000000e+00
0.000000000000000000e+00 9.345790000000000521e-04 -1.000000000000000000e+00
