0.000000000000000000e+00 4.444440000000000023e-04 1.888890000000000057e-03
0.000000000000000000e+00 0.000000000000000000e+00 -1.000000000000000000e+00
0.000000000000000000e+00 1.000000000000000021e-03 -1.000000000000000000e+00
0.000000000000000000e+00 1.888890000000000057e-03 -1.000000000000000000e+00
0.000000000000000000e+00 2.000000000000000042e-03 -1.000000000000000000e+00
0.000000000000000000e+00 2.000000000000000042e-03 -1.000000000000000000e+00
0.000000000000000000e+00 1.444439999999999960e-03 -1.000000000000000000e+00
0.000000000000000000e+00 1.444439999999999960e-03 -1.000000000000000000e+00
0.000000000000000000e+00 2.000000000000000042e-03 -1.000000000000000000e+00
0.000000000000000000e+00 1.555560000000000102e-03 -1.000000000000000000e+00
0.000000000000000000e+00 1.777780000000000072e-03 -1.000000000000000000e+00
