0.000000000000000000e+00 8.823530000000000002e-04 9.803920000000000690e-04
0.000000000000000000e+00 2.352939999999999979e-03 -1.000000000000000000e+00
0.000000000000000000e+00 0.000000000000000000e+00 -1.000000000000000000e+00
0.000000000000000000e+00 2.450980000000000172e-03 -1.000000000000000000e+00
0.000000000000000000e+00 1.176469999999999990e-03 1.666670000000000087e-03
0.000000000000000000e+00 8.823530000000000002e-04 -1.000000000000000000e+00
0.000000000000000000e+00 1.666670000000000087e-03 1.862750000000000039e-03
0.000000000000000000e+00 1.176469999999999990e-03 -1.000000000000000000e+00
0.000000000000000000e+00 1.862750000000000039e-03 -1.000000000000000000e+00
0.000000000000000000e+00 2.058819999999999834e-03 -1.000000000000000000e+00
0.000000000000000000e+00 2.450980000000000172e-03 -1.000000000000000000e+00
0.000000000000000000e+00 2.450980000000000172e-03 -1.000000000000000000e+00
