0.000000000000000000e+00 1.789470000000000036e-03 4.526320000000000343e-03
0.000000000000000000e+00 0.000000000000000000e+00 -1.000000000000000000e+00
0.000000000000000000e+00 5.000000000000000104e-03 -1.000000000000000000e+00
0.000000000000000000e+00 5.000000000000000104e-03 -1.000000000000000000e+00
0.000000000000000000e+00 4.842110000000000164e-03 -1.000000000000000000e+00
0.000000000000000000e+00 5.263160000000000234e-03 -1.000000000000000000e+00
0.000000000000000000e+00 3.368420000000000008e-03 3.736839999999999953e-03
0.000000000000000000e+00 2.789470000000000057e-03 -1.000000000000000000e+00
0.000000000000000000e+00 5.052629999999999795e-03 5.105260000000000353e-03
0.000000000000000000e+00 5.000000000000000104e-03 5.105260000000000353e-03
0.000000000000000000e+00 4.421050000000000153e-03 -1.000000000000000000e+00
0.000000000000000000e+00 5.105260000000000353e-03 5.263160000000000234e-03
0.000000000000000000e+00 5.105260000000000353e-03 5.263160000000000234e-03
0.000000000000000000e+00 5.263160000000000234e-03 -1.000000000000000000e+00
0.000000000000000000e+00 4.842110000000000164e-03 -1.000000000000000000e+00
0.000000000000000000e+00 4.894739999999999855e-03 -1.000000000000000000e+00
0.000000000000000000e+00 5.263160000000000234e-03 -1.000000000000000000e+00
0.000000000000000000e+00 5.263160000000000234e-03 -1.000000000000000000e+00
0.000000000000000000e+00 5.263160000000000234e-03 -1.000000000000000000e+00
0.000000000000000000e+00 5.105260000000000353e-03 -1.000000000000000000e+00
0.000000000000000000e+00 5.263160000000000234e-03 -1.000000000000000000e+00
