0.000000000000000000e+00 1.626019999999999994e-04 2.439019999999999968e-04
0.000000000000000000e+00 0.000000000000000000e+00 -1.000000000000000000e+00
0.000000000000000000e+00 6.504069999999999817e-04 -1.000000000000000000e+00
0.000000000000000000e+00 1.300809999999999900e-03 -1.000000000000000000e+00
0.000000000000000000e+00 4.878050000000000094e-04 5.691059999999999956e-04
0.000000000000000000e+00 4.878050000000000094e-04 -1.000000000000000000e+00
0.000000000000000000e+00 7.317069999999999521e-04 8.130080000000000466e-04
0.000000000000000000e+00 7.317069999999999521e-04 -1.000000000000000000e+00
0.000000000000000000e+00 9.756100000000000189e-04 1.056910000000000098e-03
0.000000000000000000e+00 1.056910000000000098e-03 1.219510000000000038e-03
0.000000000000000000e+00 9.756100000000000189e-04 -1.000000000000000000e+00
0.000000000000000000e+00 1.219510000000000038e-03 1.300809999999999900e-03
0.000000000000000000e+00 1.219510000000000038e-03 -1.000000000000000000e+00
0.000000000000000000e+00 1.300809999999999900e-03 -1.000000000000000000e+00
0.000000000000000000e+00 1.300809999999999900e-03 -1.000000000000000000e+00
0.000000000000000000e+00 1.300809999999999900e-03 -1.000000000000000000e+00
