0.000000000000000000e+00 3.222220000000000032e-03 -1.000000000000000000e+00
0.000000000000000000e+00 4.222219999999999619e-03 -1.000000000000000000e+00
0.000000000000000000e+00 0.000000000000000000e+00 -1.000000000000000000e+00
0.000000000000000000e+00 4.222219999999999619e-03 -1.000000000000000000e+00
0.000000000000000000e+00 3.777780000000000114e-03 -1.000000000000000000e+00
0.000000000000000000e+00 4.111110000000000285e-03 4.222219999999999619e-03
0.000000000000000000e+00 3.888889999999999882e-03 -1.000000000000000000e+00
0.000000000000000000e+00 4.222219999999999619e-03 -1.000000000000000000e+00
0.000000000000000000e+00 4.000000000000000083e-03 -1.000000000000000000e+00
0.000000000000000000e+00 4.111110000000000285e-03 -1.000000000000000000e+00
0.000000000000000000e+00 4.222219999999999619e-03 -1.000000000000000000e+00
0.000000000000000000e+00 4.222219999999999619e-03 -1.000000000000000000e+00
0.000000000000000000e+00 4.222219999999999619e-03 -1.000000000000000000e+00
