0.000000000000000000e+00 6.543970000000000299e-04 7.566460000000000330e-04
0.000000000000000000e+00 5.112470000000000469e-04 -1.000000000000000000e+00
0.000000000000000000e+00 0.000000000000000000e+00 -1.000000000000000000e+00
0.000000000000000000e+00 5.112470000000000469e-04 -1.000000000000000000e+00
0.000000000000000000e+00 6.134969999999999573e-04 -1.000000000000000000e+00
0.000000000000000000e+00 8.179959999999999792e-04 -1.000000000000000000e+00
0.000000000000000000e+00 4.703479999999999901e-04 -1.000000000000000000e+00
0.000000000000000000e+00 7.770960000000000150e-04 -1.000000000000000000e+00
0.000000000000000000e+00 7.770960000000000150e-04 -1.000000000000000000e+00
0.000000000000000000e+00 7.361960000000000509e-04 -1.000000000000000000e+00
0.000000000000000000e+00 7.361960000000000509e-04 -1.000000000000000000e+00
