0.000000000000000000e+00 3.767120000000000212e-04 4.109590000000000205e-04
0.000000000000000000e+00 1.232880000000000000e-03 -1.000000000000000000e+00
0.000000000000000000e+00 1.164380000000000016e-03 -1.000000000000000000e+00
0.000000000000000000e+00 1.232880000000000000e-03 -1.000000000000000000e+00
0.000000000000000000e+00 0.000000000000000000e+00 -1.000000000000000000e+00
0.000000000000000000e+00 1.232880000000000000e-03 -1.000000000000000000e+00
0.000000000000000000e+00 4.452050000000000039e-04 -1.000000000000000000e+00
0.000000000000000000e+00 8.561639999999999702e-04 -1.000000000000000000e+00
0.000000000000000000e+00 1.130139999999999964e-03 -1.000000000000000000e+00
0.000000000000000000e+00 1.130139999999999964e-03 -1.000000000000000000e+00
