0.000000000000000000e+00 3.246230000000000122e-03 -1.000000000000000000e+00
0.000000000000000000e+00 0.000000000000000000e+00 -1.000000000000000000e+00
0.000000000000000000e+00 3.165069999999999863e-03 -1.000000000000000000e+00
0.000000000000000000e+00 2.596980000000000035e-03 3.083910000000000037e-03
0.000000000000000000e+00 2.759290000000000180e-03 3.083910000000000037e-03
0.000000000000000000e+00 1.785420000000000019e-03 -1.000000000000000000e+00
0.000000000000000000e+00 3.083910000000000037e-03 3.246230000000000122e-03
0.000000000000000000e+00 3.083910000000000037e-03 3.246230000000000122e-03
0.000000000000000000e+00 3.165069999999999863e-03 3.246230000000000122e-03
0.000000000000000000e+00 3.083910000000000037e-03 -1.000000000000000000e+00
0.000000000000000000e+00 3.246230000000000122e-03 -1.000000000000000000e+00
0.000000000000000000e+00 3.246230000000000122e-03 -1.000000000000000000e+00
0.000000000000000000e+00 3.246230000000000122e-03 -1.000000000000000000e+00
0.000000000000000000e+00 3.246230000000000122e-03 -1.000000000000000000e+00
0.000000000000000000e+00 3.246230000000000122e-03 -1.000000000000000000e+00
