0.000000000000000000e+00 5.298009999999999916e-04 -1.000000000000000000e+00
0.000000000000000000e+00 2.251659999999999946e-03 -1.000000000000000000e+00
0.000000000000000000e+00 2.317880000000000027e-03 -1.000000000000000000e+00
0.000000000000000000e+00 0.000000000000000000e+00 -1.000000000000000000e+00
0.000000000000000000e+00 2.582779999999999798e-03 -1.000000000000000000e+00
0.000000000000000000e+00 2.582779999999999798e-03 -1.000000000000000000e+00
0.000000000000000000e+00 2.781459999999999922e-03 -1.000000000000000000e+00
0.000000000000000000e+00 2.781459999999999922e-03 -1.000000000000000000e+00
0.000000000000000000e+00 2.715229999999999901e-03 -1.000000000000000000e+00
0.000000000000000000e+00 2.251659999999999946e-03 -1.000000000000000000e+00
0.000000000000000000e+00 2.781459999999999922e-03 -1.000000000000000000e+00
