0.000000000000000000e+00 0.000000000000000000e+00 -1.000000000000000000e+00
0.000000000000000000e+00 4.635760000000000054e-03 -1.000000000000000000e+00
0.000000000000000000e+00 5.298009999999999699e-03 -1.000000000000000000e+00
0.000000000000000000e+00 5.960260000000000211e-03 -1.000000000000000000e+00
0.000000000000000000e+00 6.092720000000000254e-03 -1.000000000000000000e+00
0.000000000000000000e+00 6.291390000000000003e-03 -1.000000000000000000e+00
0.000000000000000000e+00 6.357619999999999591e-03 -1.000000000000000000e+00
0.000000000000000000e+00 6.026489999999999798e-03 -1.000000000000000000e+00
0.000000000000000000e+00 5.894039999999999696e-03 -1.000000000000000000e+00
0.000000000000000000e+00 6.357619999999999591e-03 -1.000000000000000000e+00
