0.000000000000000000e+00 0.000000000000000000e+00 -1.000000000000000000e+00
0.000000000000000000e+00 5.333329999999999842e-03 -1.000000000000000000e+00
0.000000000000000000e+00 4.333329999999999821e-03 4.444440000000000023e-03
0.000000000000000000e+00 2.777780000000000093e-03 -1.000000000000000000e+00
0.000000000000000000e+00 5.222219999999999640e-03 -1.000000000000000000e+00
0.000000000000000000e+00 4.222219999999999619e-03 -1.000000000000000000e+00
0.000000000000000000e+00 4.444440000000000023e-03 -1.000000000000000000e+00
0.000000000000000000e+00 5.000000000000000104e-03 -1.000000000000000000e+00
0.000000000000000000e+00 4.777779999999999701e-03 -1.000000000000000000e+00
0.000000000000000000e+00 4.666670000000000366e-03 -1.000000000000000000e+00
