0.000000000000000000e+00 0.000000000000000000e+00 -1.000000000000000000e+00
0.000000000000000000e+00 1.648750000000000042e-03 -1.000000000000000000e+00
0.000000000000000000e+00 2.043010000000000052e-03 -1.000000000000000000e+00
0.000000000000000000e+00 1.792109999999999970e-03 -1.000000000000000000e+00
0.000000000000000000e+00 2.186379999999999921e-03 -1.000000000000000000e+00
0.000000000000000000e+00 1.792109999999999970e-03 -1.000000000000000000e+00
0.000000000000000000e+00 2.150539999999999830e-03 -1.000000000000000000e+00
0.000000000000000000e+00 9.319000000000000460e-04 -1.000000000000000000e+00
0.000000000000000000e+00 1.684589999999999916e-03 -1.000000000000000000e+00
0.000000000000000000e+00 2.043010000000000052e-03 -1.000000000000000000e+00
0.000000000000000000e+00 1.541220000000000047e-03 -1.000000000000000000e+00
0.000000000000000000e+00 1.756270000000000097e-03 -1.000000000000000000e+00
