0.000000000000000000e+00 2.054790000000000024e-04 5.479449999999999859e-04
0.000000000000000000e+00 0.000000000000000000e+00 -1.000000000000000000e+00
0.000000000000000000e+00 1.438360000000000073e-03 -1.000000000000000000e+00
0.000000000000000000e+00 1.301370000000000044e-03 -1.000000000000000000e+00
0.000000000000000000e+00 1.438360000000000073e-03 -1.000000000000000000e+00
0.000000000000000000e+00 7.876709999999999875e-04 -1.000000000000000000e+00
0.000000000000000000e+00 1.369860000000000088e-03 -1.000000000000000000e+00
0.000000000000000000e+00 1.438360000000000073e-03 -1.000000000000000000e+00
0.000000000000000000e+00 5.821920000000000393e-04 6.164379999999999686e-04
0.000000000000000000e+00 3.767120000000000212e-04 -1.000000000000000000e+00
0.000000000000000000e+00 1.438360000000000073e-03 -1.000000000000000000e+00
0.000000000000000000e+00 6.506850000000000220e-04 -1.000000000000000000e+00
0.000000000000000000e+00 1.095889999999999972e-03 -1.000000000000000000e+00
0.000000000000000000e+00 1.369860000000000088e-03 -1.000000000000000000e+00
