0.000000000000000000e+00 0.000000000000000000e+00 -1.000000000000000000e+00
0.000000000000000000e+00 2.933330000000000052e-03 -1.000000000000000000e+00
0.000000000000000000e+00 1.333329999999999975e-03 -1.000000000000000000e+00
0.000000000000000000e+00 2.266670000000000143e-03 -1.000000000000000000e+00
0.000000000000000000e+00 2.533329999999999870e-03 -1.000000000000000000e+00
0.000000000000000000e+00 2.866669999999999982e-03 2.933330000000000052e-03
0.000000000000000000e+00 2.799999999999999972e-03 -1.000000000000000000e+00
0.000000000000000000e+00 2.933330000000000052e-03 3.000000000000000062e-03
0.000000000000000000e+00 2.933330000000000052e-03 -1.000000000000000000e+00
0.000000000000000000e+00 3.000000000000000062e-03 -1.000000000000000000e+00
0.000000000000000000e+00 3.000000000000000062e-03 -1.000000000000000000e+00
