0.000000000000000000e+00 6.862749999999999710e-04 9.803920000000000690e-04
0.000000000000000000e+00 7.843140000000000398e-04 1.274509999999999966e-03
0.000000000000000000e+00 0.000000000000000000e+00 -1.000000000000000000e+00
0.000000000000000000e+00 3.431369999999999993e-03 -1.000000000000000000e+00
0.000000000000000000e+00 3.529410000000000186e-03 -1.000000000000000000e+00
0.000000000000000000e+00 1.176469999999999990e-03 1.372549999999999942e-03
0.000000000000000000e+00 1.078430000000000014e-03 2.156860000000000027e-03
0.000000000000000000e+00 1.078430000000000014e-03 -1.000000000000000000e+00
0.000000000000000000e+00 2.352939999999999979e-03 2.450980000000000172e-03
0.000000000000000000e+00 1.568629999999999894e-03 -1.000000000000000000e+00
0.000000000000000000e+00 2.843140000000000077e-03 -1.000000000000000000e+00
0.000000000000000000e+00 2.843140000000000077e-03 -1.000000000000000000e+00
0.000000000000000000e+00 3.529410000000000186e-03 -1.000000000000000000e+00
0.000000000000000000e+00 3.431369999999999993e-03 -1.000000000000000000e+00
0.000000000000000000e+00 3.529410000000000186e-03 -1.000000000000000000e+00
