0.000000000000000000e+00 5.231790000000000052e-03 5.364240000000000154e-03
0.000000000000000000e+00 0.000000000000000000e+00 -1.000000000000000000e+00
0.000000000000000000e+00 3.112580000000000208e-03 -1.000000000000000000e+00
0.000000000000000000e+00 4.105959999999999645e-03 -1.000000000000000000e+00
0.000000000000000000e+00 4.635760000000000054e-03 -1.000000000000000000e+00
0.000000000000000000e+00 5.364240000000000154e-03 -1.000000000000000000e+00
0.000000000000000000e+00 5.364240000000000154e-03 -1.000000000000000000e+00
0.000000000000000000e+00 5.165559999999999596e-03 -1.000000000000000000e+00
0.000000000000000000e+00 5.231790000000000052e-03 -1.000000000000000000e+00
0.000000000000000000e+00 5.231790000000000052e-03 -1.000000000000000000e+00
0.000000000000000000e+00 4.900660000000000259e-03 -1.000000000000000000e+00
0.000000000000000000e+00 5.364240000000000154e-03 -1.000000000000000000e+00
