0.000000000000000000e+00 3.643720000000000140e-04 5.668020000000000393e-04
0.000000000000000000e+00 0.000000000000000000e+00 -1.000000000000000000e+00
0.000000000000000000e+00 1.255059999999999900e-03 -1.000000000000000000e+00
0.000000000000000000e+00 6.882589999999999845e-04 -1.000000000000000000e+00
0.000000000000000000e+00 1.295549999999999913e-03 -1.000000000000000000e+00
0.000000000000000000e+00 8.097170000000000539e-04 8.502019999999999890e-04
0.000000000000000000e+00 1.255059999999999900e-03 -1.000000000000000000e+00
0.000000000000000000e+00 1.214570000000000103e-03 -1.000000000000000000e+00
0.000000000000000000e+00 6.882589999999999845e-04 -1.000000000000000000e+00
0.000000000000000000e+00 1.295549999999999913e-03 -1.000000000000000000e+00
0.000000000000000000e+00 1.012150000000000072e-03 -1.000000000000000000e+00
0.000000000000000000e+00 1.295549999999999913e-03 -1.000000000000000000e+00
0.000000000000000000e+00 1.214570000000000103e-03 -1.000000000000000000e+00
