0.000000000000000000e+00 3.082189999999999843e-04 6.506850000000000220e-04
0.000000000000000000e+00 0.000000000000000000e+00 -1.000000000000000000e+00
0.000000000000000000e+00 1.472599999999999907e-03 -1.000000000000000000e+00
0.000000000000000000e+00 1.404110000000000080e-03 -1.000000000000000000e+00
0.000000000000000000e+00 7.534249999999999498e-04 8.561639999999999702e-04
0.000000000000000000e+00 4.452050000000000039e-04 -1.000000000000000000e+00
0.000000000000000000e+00 1.095889999999999972e-03 1.130139999999999964e-03
0.000000000000000000e+00 8.561639999999999702e-04 -1.000000000000000000e+00
0.000000000000000000e+00 1.232880000000000000e-03 -1.000000000000000000e+00
0.000000000000000000e+00 1.267120000000000052e-03 -1.000000000000000000e+00
