0.000000000000000000e+00 1.333329999999999921e-04 8.666670000000000016e-04
0.000000000000000000e+00 0.000000000000000000e+00 -1.000000000000000000e+00
0.000000000000000000e+00 1.399999999999999986e-03 -1.000000000000000000e+00
0.000000000000000000e+00 1.199999999999999895e-03 1.600000000000000077e-03
0.000000000000000000e+00 1.000000000000000021e-03 -1.000000000000000000e+00
0.000000000000000000e+00 1.466669999999999996e-03 -1.000000000000000000e+00
0.000000000000000000e+00 1.600000000000000077e-03 -1.000000000000000000e+00
0.000000000000000000e+00 1.666670000000000087e-03 -1.000000000000000000e+00
0.000000000000000000e+00 1.600000000000000077e-03 -1.000000000000000000e+00
0.000000000000000000e+00 1.666670000000000087e-03 -1.000000000000000000e+00
