0.000000000000000000e+00 0.000000000000000000e+00 -1.000000000000000000e+00
0.000000000000000000e+00 1.862750000000000039e-03 -1.000000000000000000e+00
0.000000000000000000e+00 1.764710000000000063e-03 1.960780000000000075e-03
0.000000000000000000e+00 1.372549999999999942e-03 -1.000000000000000000e+00
0.000000000000000000e+00 1.568629999999999894e-03 -1.000000000000000000e+00
0.000000000000000000e+00 2.058819999999999834e-03 -1.000000000000000000e+00
0.000000000000000000e+00 2.058819999999999834e-03 -1.000000000000000000e+00
0.000000000000000000e+00 2.156860000000000027e-03 -1.000000000000000000e+00
0.000000000000000000e+00 1.960780000000000075e-03 -1.000000000000000000e+00
0.000000000000000000e+00 2.058819999999999834e-03 -1.000000000000000000e+00
0.000000000000000000e+00 2.156860000000000027e-03 -1.000000000000000000e+00
