0.000000000000000000e+00 1.364519999999999871e-04 2.339180000000000057e-04
0.000000000000000000e+00 0.000000000000000000e+00 -1.000000000000000000e+00
0.000000000000000000e+00 6.237820000000000257e-04 -1.000000000000000000e+00
0.000000000000000000e+00 3.118910000000000128e-04 -1.000000000000000000e+00
0.000000000000000000e+00 5.458089999999999643e-04 -1.000000000000000000e+00
0.000000000000000000e+00 3.118910000000000128e-04 -1.000000000000000000e+00
0.000000000000000000e+00 5.847950000000000413e-04 -1.000000000000000000e+00
0.000000000000000000e+00 5.458089999999999643e-04 -1.000000000000000000e+00
0.000000000000000000e+00 6.237820000000000257e-04 -1.000000000000000000e+00
0.000000000000000000e+00 6.042880000000000256e-04 -1.000000000000000000e+00
