0.000000000000000000e+00 2.385780000000000051e-04 7.157339999999999883e-04
0.000000000000000000e+00 1.908619999999999978e-03 2.027909999999999956e-03
0.000000000000000000e+00 0.000000000000000000e+00 -1.000000000000000000e+00
0.000000000000000000e+00 3.817249999999999897e-03 -1.000000000000000000e+00
0.000000000000000000e+00 2.385780000000000105e-03 -1.000000000000000000e+00
0.000000000000000000e+00 3.578669999999999941e-03 3.817249999999999897e-03
0.000000000000000000e+00 3.697960000000000136e-03 3.817249999999999897e-03
0.000000000000000000e+00 3.578669999999999941e-03 -1.000000000000000000e+00
0.000000000000000000e+00 3.817249999999999897e-03 -1.000000000000000000e+00
0.000000000000000000e+00 4.055829999999999852e-03 -1.000000000000000000e+00
0.000000000000000000e+00 4.294410000000000241e-03 -1.000000000000000000e+00
0.000000000000000000e+00 4.413689999999999627e-03 -1.000000000000000000e+00
