0.000000000000000000e+00 0.000000000000000000e+00 -1.000000000000000000e+00
0.000000000000000000e+00 4.227640000000000391e-03 -1.000000000000000000e+00
0.000000000000000000e+00 4.634150000000000075e-03 -1.000000000000000000e+00
0.000000000000000000e+00 3.170730000000000076e-03 -1.000000000000000000e+00
0.000000000000000000e+00 4.552849999999999779e-03 -1.000000000000000000e+00
0.000000000000000000e+00 3.414630000000000096e-03 -1.000000000000000000e+00
0.000000000000000000e+00 4.146340000000000095e-03 -1.000000000000000000e+00
0.000000000000000000e+00 4.390240000000000115e-03 4.471540000000000410e-03
0.000000000000000000e+00 4.227640000000000391e-03 -1.000000000000000000e+00
0.000000000000000000e+00 4.471540000000000410e-03 -1.000000000000000000e+00
0.000000000000000000e+00 4.471540000000000410e-03 -1.000000000000000000e+00
0.000000000000000000e+00 4.471540000000000410e-03 -1.000000000000000000e+00
0.000000000000000000e+00 4.471540000000000410e-03 -1.000000000000000000e+00
