0.000000000000000000e+00 1.059599999999999952e-03 -1.000000000000000000e+00
0.000000000000000000e+00 4.105959999999999645e-03 -1.000000000000000000e+00
0.000000000000000000e+00 0.000000000000000000e+00 -1.000000000000000000e+00
0.000000000000000000e+00 4.238409999999999747e-03 -1.000000000000000000e+00
0.000000000000000000e+00 4.370859999999999849e-03 -1.000000000000000000e+00
0.000000000000000000e+00 3.708610000000000205e-03 -1.000000000000000000e+00
0.000000000000000000e+00 4.701989999999999642e-03 -1.000000000000000000e+00
0.000000000000000000e+00 4.569540000000000407e-03 -1.000000000000000000e+00
0.000000000000000000e+00 4.635760000000000054e-03 -1.000000000000000000e+00
0.000000000000000000e+00 4.701989999999999642e-03 -1.000000000000000000e+00
