0.000000000000000000e+00 0.000000000000000000e+00 -1.000000000000000000e+00
0.000000000000000000e+00 2.803739999999999878e-03 -1.000000000000000000e+00
0.000000000000000000e+00 1.495330000000000010e-03 1.775700000000000065e-03
0.000000000000000000e+00 1.214950000000000014e-03 -1.000000000000000000e+00
0.000000000000000000e+00 1.588790000000000081e-03 1.869159999999999919e-03
0.000000000000000000e+00 1.401869999999999939e-03 -1.000000000000000000e+00
0.000000000000000000e+00 2.149530000000000191e-03 2.242989999999999828e-03
0.000000000000000000e+00 1.869159999999999919e-03 -1.000000000000000000e+00
0.000000000000000000e+00 2.242989999999999828e-03 2.523360000000000099e-03
0.000000000000000000e+00 2.056070000000000120e-03 -1.000000000000000000e+00
0.000000000000000000e+00 2.242989999999999828e-03 -1.000000000000000000e+00
0.000000000000000000e+00 2.710279999999999807e-03 2.803739999999999878e-03
0.000000000000000000e+00 2.616820000000000170e-03 -1.000000000000000000e+00
0.000000000000000000e+00 2.803739999999999878e-03 -1.000000000000000000e+00
0.000000000000000000e+00 2.803739999999999878e-03 -1.000000000000000000e+00
0.000000000000000000e+00 2.803739999999999878e-03 -1.000000000000000000e+00
0.000000000000000000e+00 2.803739999999999878e-03 -1.000000000000000000e+00
