0.000000000000000000e+00 1.406249999999999948e-03 1.718750000000000009e-03
0.000000000000000000e+00 0.000000000000000000e+00 -1.000000000000000000e+00
0.000000000000000000e+00 1.250000000000000026e-03 -1.000000000000000000e+00
0.000000000000000000e+00 1.874999999999999931e-03 2.031250000000000069e-03
0.000000000000000000e+00 1.562500000000000087e-03 -1.000000000000000000e+00
0.000000000000000000e+00 2.031250000000000069e-03 2.187500000000000208e-03
0.000000000000000000e+00 2.031250000000000069e-03 2.187500000000000208e-03
0.000000000000000000e+00 2.031250000000000069e-03 -1.000000000000000000e+00
0.000000000000000000e+00 2.187500000000000208e-03 -1.000000000000000000e+00
0.000000000000000000e+00 2.187500000000000208e-03 -1.000000000000000000e+00
0.000000000000000000e+00 2.656250000000000191e-03 -1.000000000000000000e+00
