0.000000000000000000e+00 2.429149999999999875e-04 6.072869999999999744e-04
0.000000000000000000e+00 0.000000000000000000e+00 -1.000000000000000000e+00
0.000000000000000000e+00 1.902830000000000103e-03 -1.000000000000000000e+00
0.000000000000000000e+00 1.214570000000000103e-03 -1.000000000000000000e+00
0.000000000000000000e+00 1.821860000000000016e-03 -1.000000000000000000e+00
0.000000000000000000e+00 1.781379999999999943e-03 -1.000000000000000000e+00
0.000000000000000000e+00 1.052629999999999929e-03 -1.000000000000000000e+00
0.000000000000000000e+00 1.781379999999999943e-03 -1.000000000000000000e+00
0.000000000000000000e+00 1.538459999999999958e-03 -1.000000000000000000e+00
0.000000000000000000e+00 1.821860000000000016e-03 -1.000000000000000000e+00
0.000000000000000000e+00 1.862350000000000030e-03 -1.000000000000000000e+00
