0.000000000000000000e+00 3.174599999999999861e-04 3.968250000000000098e-04
0.000000000000000000e+00 1.587299999999999931e-04 -1.000000000000000000e+00
0.000000000000000000e+00 0.000000000000000000e+00 -1.000000000000000000e+00
0.000000000000000000e+00 6.349209999999999880e-04 -1.000000000000000000e+00
0.000000000000000000e+00 3.968250000000000098e-04 5.555560000000000186e-04
0.000000000000000000e+00 3.968250000000000098e-04 -1.000000000000000000e+00
0.000000000000000000e+00 6.349209999999999880e-04 -1.000000000000000000e+00
0.000000000000000000e+00 6.349209999999999880e-04 -1.000000000000000000e+00
0.000000000000000000e+00 7.142859999999999574e-04 -1.000000000000000000e+00
0.000000000000000000e+00 6.349209999999999880e-04 -1.000000000000000000e+00
