0.000000000000000000e+00 2.894739999999999813e-03 -1.000000000000000000e+00
0.000000000000000000e+00 0.000000000000000000e+00 -1.000000000000000000e+00
0.000000000000000000e+00 3.894739999999999834e-03 -1.000000000000000000e+00
0.000000000000000000e+00 3.894739999999999834e-03 -1.000000000000000000e+00
0.000000000000000000e+00 3.631580000000000138e-03 3.736839999999999953e-03
0.000000000000000000e+00 3.578950000000000013e-03 -1.000000000000000000e+00
0.000000000000000000e+00 3.842110000000000143e-03 3.894739999999999834e-03
0.000000000000000000e+00 3.842110000000000143e-03 3.894739999999999834e-03
0.000000000000000000e+00 3.789470000000000078e-03 -1.000000000000000000e+00
0.000000000000000000e+00 3.894739999999999834e-03 -1.000000000000000000e+00
0.000000000000000000e+00 3.894739999999999834e-03 -1.000000000000000000e+00
0.000000000000000000e+00 3.894739999999999834e-03 -1.000000000000000000e+00
