0.000000000000000000e+00 0.000000000000000000e+00 -1.000000000000000000e+00
0.000000000000000000e+00 1.959460000000000108e-03 -1.000000000000000000e+00
0.000000000000000000e+00 2.094589999999999907e-03 -1.000000000000000000e+00
0.000000000000000000e+00 1.418919999999999947e-03 1.486490000000000034e-03
0.000000000000000000e+00 8.783779999999999713e-04 -1.000000000000000000e+00
0.000000000000000000e+00 1.418919999999999947e-03 -1.000000000000000000e+00
0.000000000000000000e+00 1.959460000000000108e-03 2.094589999999999907e-03
0.000000000000000000e+00 1.959460000000000108e-03 2.094589999999999907e-03
0.000000000000000000e+00 1.554049999999999963e-03 -1.000000000000000000e+00
0.000000000000000000e+00 2.094589999999999907e-03 -1.000000000000000000e+00
0.000000000000000000e+00 2.094589999999999907e-03 -1.000000000000000000e+00
0.000000000000000000e+00 2.094589999999999907e-03 -1.000000000000000000e+00
0.000000000000000000e+00 2.094589999999999907e-03 -1.000000000000000000e+00
