0.000000000000000000e+00 2.105259999999999966e-04 3.157890000000000219e-04
0.000000000000000000e+00 4.210530000000000089e-04 4.736839999999999866e-04
0.000000000000000000e+00 0.000000000000000000e+00 -1.000000000000000000e+00
0.000000000000000000e+00 5.789470000000000120e-04 -1.000000000000000000e+00
0.000000000000000000e+00 4.736839999999999866e-04 6.315789999999999512e-04
0.000000000000000000e+00 5.263159999999999800e-04 6.315789999999999512e-04
0.000000000000000000e+00 5.263159999999999800e-04 6.315789999999999512e-04
0.000000000000000000e+00 4.210530000000000089e-04 -1.000000000000000000e+00
0.000000000000000000e+00 6.315789999999999512e-04 -1.000000000000000000e+00
0.000000000000000000e+00 6.315789999999999512e-04 -1.000000000000000000e+00
0.000000000000000000e+00 6.315789999999999512e-04 -1.000000000000000000e+00
0.000000000000000000e+00 6.315789999999999512e-04 -1.000000000000000000e+00
0.000000000000000000e+00 6.315789999999999512e-04 -1.000000000000000000e+00
