0.000000000000000000e+00 2.739730000000000008e-04 5.136989999999999482e-04
0.000000000000000000e+00 5.479449999999999859e-04 5.821920000000000393e-04
0.000000000000000000e+00 0.000000000000000000e+00 -1.000000000000000000e+00
0.000000000000000000e+00 1.232880000000000000e-03 -1.000000000000000000e+00
0.000000000000000000e+00 1.130139999999999964e-03 -1.000000000000000000e+00
0.000000000000000000e+00 1.198630000000000008e-03 1.232880000000000000e-03
0.000000000000000000e+00 7.191780000000000048e-04 -1.000000000000000000e+00
0.000000000000000000e+00 9.589040000000000064e-04 -1.000000000000000000e+00
0.000000000000000000e+00 1.232880000000000000e-03 -1.000000000000000000e+00
0.000000000000000000e+00 1.130139999999999964e-03 -1.000000000000000000e+00
0.000000000000000000e+00 1.164380000000000016e-03 -1.000000000000000000e+00
0.000000000000000000e+00 1.232880000000000000e-03 -1.000000000000000000e+00
0.000000000000000000e+00 1.232880000000000000e-03 -1.000000000000000000e+00
