0.000000000000000000e+00 4.048579999999999784e-05 3.643720000000000140e-04
0.000000000000000000e+00 0.000000000000000000e+00 -1.000000000000000000e+00
0.000000000000000000e+00 3.238870000000000247e-04 -1.000000000000000000e+00
0.000000000000000000e+00 1.012150000000000072e-03 -1.000000000000000000e+00
0.000000000000000000e+00 6.477730000000000337e-04 6.882589999999999845e-04
0.000000000000000000e+00 5.668020000000000393e-04 -1.000000000000000000e+00
0.000000000000000000e+00 7.287450000000000438e-04 -1.000000000000000000e+00
0.000000000000000000e+00 7.692309999999999946e-04 -1.000000000000000000e+00
0.000000000000000000e+00 8.502019999999999890e-04 -1.000000000000000000e+00
0.000000000000000000e+00 9.311739999999999991e-04 -1.000000000000000000e+00
0.000000000000000000e+00 1.012150000000000072e-03 -1.000000000000000000e+00
0.000000000000000000e+00 1.012150000000000072e-03 -1.000000000000000000e+00
