0.000000000000000000e+00 9.589040000000000064e-04 1.404110000000000080e-03
0.000000000000000000e+00 0.000000000000000000e+00 -1.000000000000000000e+00
0.000000000000000000e+00 1.815070000000000008e-03 -1.000000000000000000e+00
0.000000000000000000e+00 1.815070000000000008e-03 -1.000000000000000000e+00
0.000000000000000000e+00 1.609589999999999936e-03 1.815070000000000008e-03
0.000000000000000000e+00 1.061639999999999980e-03 -1.000000000000000000e+00
0.000000000000000000e+00 1.609589999999999936e-03 -1.000000000000000000e+00
0.000000000000000000e+00 1.815070000000000008e-03 -1.000000000000000000e+00
0.000000000000000000e+00 1.746579999999999964e-03 -1.000000000000000000e+00
0.000000000000000000e+00 1.815070000000000008e-03 -1.000000000000000000e+00
0.000000000000000000e+00 1.815070000000000008e-03 -1.000000000000000000e+00
