0.000000000000000000e+00 0.000000000000000000e+00 -1.000000000000000000e+00
0.000000000000000000e+00 2.515830000000000150e-03 -1.000000000000000000e+00
0.000000000000000000e+00 2.515830000000000150e-03 -1.000000000000000000e+00
0.000000000000000000e+00 2.678139999999999861e-03 2.840450000000000006e-03
0.000000000000000000e+00 2.759290000000000180e-03 2.840450000000000006e-03
0.000000000000000000e+00 2.515830000000000150e-03 -1.000000000000000000e+00
0.000000000000000000e+00 2.921599999999999892e-03 -1.000000000000000000e+00
0.000000000000000000e+00 2.840450000000000006e-03 -1.000000000000000000e+00
0.000000000000000000e+00 2.840450000000000006e-03 -1.000000000000000000e+00
0.000000000000000000e+00 2.840450000000000006e-03 -1.000000000000000000e+00
