0.000000000000000000e+00 8.502019999999999890e-04 -1.000000000000000000e+00
0.000000000000000000e+00 1.538459999999999958e-03 -1.000000000000000000e+00
0.000000000000000000e+00 0.000000000000000000e+00 -1.000000000000000000e+00
0.000000000000000000e+00 1.578949999999999972e-03 -1.000000000000000000e+00
0.000000000000000000e+00 8.502019999999999890e-04 -1.000000000000000000e+00
0.000000000000000000e+00 1.417000000000000074e-03 1.497980000000000101e-03
0.000000000000000000e+00 1.255059999999999900e-03 -1.000000000000000000e+00
0.000000000000000000e+00 1.457490000000000088e-03 -1.000000000000000000e+00
0.000000000000000000e+00 1.497980000000000101e-03 -1.000000000000000000e+00
0.000000000000000000e+00 1.619430000000000045e-03 -1.000000000000000000e+00
0.000000000000000000e+00 1.538459999999999958e-03 -1.000000000000000000e+00
0.000000000000000000e+00 1.578949999999999972e-03 -1.000000000000000000e+00
0.000000000000000000e+00 1.619430000000000045e-03 -1.000000000000000000e+00
