0.000000000000000000e+00 0.000000000000000000e+00 -1.000000000000000000e+00
0.000000000000000000e+00 4.299070000000000322e-03 -1.000000000000000000e+00
0.000000000000000000e+00 2.710279999999999807e-03 2.990650000000000079e-03
0.000000000000000000e+00 2.803739999999999878e-03 3.177569999999999787e-03
0.000000000000000000e+00 1.869159999999999919e-03 -1.000000000000000000e+00
0.000000000000000000e+00 3.084110000000000150e-03 -1.000000000000000000e+00
0.000000000000000000e+00 3.831779999999999908e-03 4.205610000000000251e-03
0.000000000000000000e+00 4.018690000000000109e-03 4.205610000000000251e-03
0.000000000000000000e+00 3.738319999999999838e-03 -1.000000000000000000e+00
0.000000000000000000e+00 4.205610000000000251e-03 4.299070000000000322e-03
0.000000000000000000e+00 4.205610000000000251e-03 4.299070000000000322e-03
0.000000000000000000e+00 4.205610000000000251e-03 -1.000000000000000000e+00
0.000000000000000000e+00 4.299070000000000322e-03 -1.000000000000000000e+00
0.000000000000000000e+00 4.299070000000000322e-03 -1.000000000000000000e+00
0.000000000000000000e+00 4.299070000000000322e-03 -1.000000000000000000e+00
0.000000000000000000e+00 4.299070000000000322e-03 -1.000000000000000000e+00
