0.000000000000000000e+00 5.017920000000000366e-04 5.376340000000000502e-04
0.000000000000000000e+00 0.000000000000000000e+00 -1.000000000000000000e+00
0.000000000000000000e+00 8.602150000000000031e-04 -1.000000000000000000e+00
0.000000000000000000e+00 3.584230000000000207e-04 -1.000000000000000000e+00
0.000000000000000000e+00 4.301080000000000094e-04 -1.000000000000000000e+00
0.000000000000000000e+00 9.319000000000000460e-04 -1.000000000000000000e+00
0.000000000000000000e+00 9.319000000000000460e-04 -1.000000000000000000e+00
0.000000000000000000e+00 3.942649999999999801e-04 -1.000000000000000000e+00
0.000000000000000000e+00 8.960570000000000167e-04 -1.000000000000000000e+00
0.000000000000000000e+00 6.451609999999999984e-04 -1.000000000000000000e+00
0.000000000000000000e+00 7.168460000000000413e-04 -1.000000000000000000e+00
