0.000000000000000000e+00 8.888890000000000203e-04 1.111110000000000006e-03
0.000000000000000000e+00 0.000000000000000000e+00 -1.000000000000000000e+00
0.000000000000000000e+00 1.444439999999999960e-03 -1.000000000000000000e+00
0.000000000000000000e+00 2.222220000000000011e-03 -1.000000000000000000e+00
0.000000000000000000e+00 2.222220000000000011e-03 -1.000000000000000000e+00
0.000000000000000000e+00 2.000000000000000042e-03 -1.000000000000000000e+00
0.000000000000000000e+00 2.222220000000000011e-03 -1.000000000000000000e+00
0.000000000000000000e+00 1.333329999999999975e-03 -1.000000000000000000e+00
0.000000000000000000e+00 2.000000000000000042e-03 -1.000000000000000000e+00
0.000000000000000000e+00 2.111109999999999810e-03 -1.000000000000000000e+00
0.000000000000000000e+00 1.777780000000000072e-03 2.000000000000000042e-03
0.000000000000000000e+00 1.666670000000000087e-03 -1.000000000000000000e+00
0.000000000000000000e+00 1.888890000000000057e-03 -1.000000000000000000e+00
0.000000000000000000e+00 1.888890000000000057e-03 -1.000000000000000000e+00
0.000000000000000000e+00 2.222220000000000011e-03 -1.000000000000000000e+00
