0.000000000000000000e+00 1.626019999999999994e-04 3.252029999999999830e-04
0.000000000000000000e+00 0.000000000000000000e+00 -1.000000000000000000e+00
0.000000000000000000e+00 4.878050000000000094e-04 -1.000000000000000000e+00
0.000000000000000000e+00 4.065040000000000233e-04 4.878050000000000094e-04
0.000000000000000000e+00 5.691059999999999956e-04 7.317069999999999521e-04
0.000000000000000000e+00 3.252029999999999830e-04 -1.000000000000000000e+00
0.000000000000000000e+00 8.130080000000000466e-04 9.756100000000000189e-04
0.000000000000000000e+00 5.691059999999999956e-04 -1.000000000000000000e+00
0.000000000000000000e+00 9.756100000000000189e-04 -1.000000000000000000e+00
0.000000000000000000e+00 1.138209999999999960e-03 -1.000000000000000000e+00
0.000000000000000000e+00 1.219510000000000038e-03 -1.000000000000000000e+00
0.000000000000000000e+00 1.219510000000000038e-03 -1.000000000000000000e+00
