0.000000000000000000e+00 0.000000000000000000e+00 2.024290000000000095e-04
0.000000000000000000e+00 5.668020000000000393e-04 6.477730000000000337e-04
0.000000000000000000e+00 0.000000000000000000e+00 -1.000000000000000000e+00
0.000000000000000000e+00 1.578949999999999972e-03 -1.000000000000000000e+00
0.000000000000000000e+00 1.093119999999999942e-03 -1.000000000000000000e+00
0.000000000000000000e+00 1.659920000000000059e-03 -1.000000000000000000e+00
0.000000000000000000e+00 1.457490000000000088e-03 -1.000000000000000000e+00
0.000000000000000000e+00 1.659920000000000059e-03 -1.000000000000000000e+00
0.000000000000000000e+00 1.659920000000000059e-03 -1.000000000000000000e+00
0.000000000000000000e+00 8.097170000000000539e-04 1.093119999999999942e-03
0.000000000000000000e+00 7.287450000000000438e-04 -1.000000000000000000e+00
0.000000000000000000e+00 1.295549999999999913e-03 -1.000000000000000000e+00
0.000000000000000000e+00 1.457490000000000088e-03 -1.000000000000000000e+00
0.000000000000000000e+00 1.457490000000000088e-03 -1.000000000000000000e+00
0.000000000000000000e+00 1.619430000000000045e-03 -1.000000000000000000e+00
