0.000000000000000000e+00 0.000000000000000000e+00 -1.000000000000000000e+00
0.000000000000000000e+00 8.130080000000000466e-04 -1.000000000000000000e+00
0.000000000000000000e+00 1.219510000000000038e-03 -1.000000000000000000e+00
0.000000000000000000e+00 5.691059999999999956e-04 8.130080000000000466e-04
0.000000000000000000e+00 4.065040000000000233e-04 -1.000000000000000000e+00
0.000000000000000000e+00 8.943090000000000327e-04 9.756100000000000189e-04
0.000000000000000000e+00 7.317069999999999521e-04 -1.000000000000000000e+00
0.000000000000000000e+00 1.056910000000000098e-03 -1.000000000000000000e+00
0.000000000000000000e+00 1.056910000000000098e-03 -1.000000000000000000e+00
0.000000000000000000e+00 1.219510000000000038e-03 -1.000000000000000000e+00
0.000000000000000000e+00 1.219510000000000038e-03 -1.000000000000000000e+00
0.000000000000000000e+00 1.219510000000000038e-03 -1.000000000000000000e+00
