0.000000000000000000e+00 0.000000000000000000e+00 -1.000000000000000000e+00
0.000000000000000000e+00 2.921599999999999892e-03 -1.000000000000000000e+00
0.000000000000000000e+00 2.353510000000000064e-03 -1.000000000000000000e+00
0.000000000000000000e+00 2.678139999999999861e-03 2.759290000000000180e-03
0.000000000000000000e+00 2.434669999999999890e-03 2.759290000000000180e-03
0.000000000000000000e+00 2.759290000000000180e-03 2.921599999999999892e-03
0.000000000000000000e+00 2.028890000000000207e-03 -1.000000000000000000e+00
0.000000000000000000e+00 2.759290000000000180e-03 2.921599999999999892e-03
0.000000000000000000e+00 2.759290000000000180e-03 2.921599999999999892e-03
0.000000000000000000e+00 2.921599999999999892e-03 -1.000000000000000000e+00
0.000000000000000000e+00 2.759290000000000180e-03 -1.000000000000000000e+00
0.000000000000000000e+00 2.921599999999999892e-03 -1.000000000000000000e+00
0.000000000000000000e+00 2.921599999999999892e-03 -1.000000000000000000e+00
0.000000000000000000e+00 2.921599999999999892e-03 -1.000000000000000000e+00
0.000000000000000000e+00 2.921599999999999892e-03 -1.000000000000000000e+00
