0.000000000000000000e+00 4.771560000000000103e-04 1.431470000000000008e-03
0.000000000000000000e+00 0.000000000000000000e+00 -1.000000000000000000e+00
0.000000000000000000e+00 1.670049999999999963e-03 -1.000000000000000000e+00
0.000000000000000000e+00 7.157339999999999883e-04 -1.000000000000000000e+00
0.000000000000000000e+00 1.789339999999999941e-03 -1.000000000000000000e+00
0.000000000000000000e+00 7.157339999999999883e-04 -1.000000000000000000e+00
0.000000000000000000e+00 1.670049999999999963e-03 -1.000000000000000000e+00
0.000000000000000000e+00 1.908619999999999978e-03 -1.000000000000000000e+00
0.000000000000000000e+00 1.550759999999999986e-03 -1.000000000000000000e+00
0.000000000000000000e+00 1.908619999999999978e-03 -1.000000000000000000e+00
