0.000000000000000000e+00 1.022490000000000031e-04 2.249490000000000040e-04
0.000000000000000000e+00 0.000000000000000000e+00 -1.000000000000000000e+00
0.000000000000000000e+00 1.840490000000000127e-04 -1.000000000000000000e+00
0.000000000000000000e+00 2.658490000000000224e-04 -1.000000000000000000e+00
0.000000000000000000e+00 4.703479999999999901e-04 -1.000000000000000000e+00
0.000000000000000000e+00 4.089979999999999896e-04 -1.000000000000000000e+00
0.000000000000000000e+00 3.680980000000000254e-04 -1.000000000000000000e+00
0.000000000000000000e+00 3.067480000000000250e-04 -1.000000000000000000e+00
0.000000000000000000e+00 4.498980000000000080e-04 -1.000000000000000000e+00
0.000000000000000000e+00 3.680980000000000254e-04 -1.000000000000000000e+00
