0.000000000000000000e+00 0.000000000000000000e+00 -1.000000000000000000e+00
0.000000000000000000e+00 3.578669999999999941e-04 -1.000000000000000000e+00
0.000000000000000000e+00 9.543120000000000205e-04 1.192890000000000053e-03
0.000000000000000000e+00 9.543120000000000205e-04 -1.000000000000000000e+00
0.000000000000000000e+00 1.312180000000000030e-03 1.431470000000000008e-03
0.000000000000000000e+00 1.312180000000000030e-03 1.431470000000000008e-03
0.000000000000000000e+00 1.192890000000000053e-03 -1.000000000000000000e+00
0.000000000000000000e+00 1.431470000000000008e-03 -1.000000000000000000e+00
0.000000000000000000e+00 1.431470000000000008e-03 -1.000000000000000000e+00
0.000000000000000000e+00 1.431470000000000008e-03 -1.000000000000000000e+00
0.000000000000000000e+00 1.431470000000000008e-03 -1.000000000000000000e+00
0.000000000000000000e+00 1.431470000000000008e-03 -1.000000000000000000e+00
0.000000000000000000e+00 1.431470000000000008e-03 -1.000000000000000000e+00
