0.000000000000000000e+00 0.000000000000000000e+00 -1.000000000000000000e+00
0.000000000000000000e+00 4.687499999999999827e-03 -1.000000000000000000e+00
0.000000000000000000e+00 3.437500000000000017e-03 3.749999999999999861e-03
0.000000000000000000e+00 3.749999999999999861e-03 3.958330000000000355e-03
0.000000000000000000e+00 3.020829999999999956e-03 -1.000000000000000000e+00
0.000000000000000000e+00 4.062500000000000139e-03 4.270829999999999765e-03
0.000000000000000000e+00 3.749999999999999861e-03 -1.000000000000000000e+00
0.000000000000000000e+00 4.375000000000000416e-03 4.479170000000000200e-03
0.000000000000000000e+00 4.375000000000000416e-03 -1.000000000000000000e+00
0.000000000000000000e+00 4.479170000000000200e-03 4.687499999999999827e-03
0.000000000000000000e+00 4.583330000000000043e-03 4.687499999999999827e-03
0.000000000000000000e+00 4.479170000000000200e-03 -1.000000000000000000e+00
0.000000000000000000e+00 4.687499999999999827e-03 -1.000000000000000000e+00
0.000000000000000000e+00 4.687499999999999827e-03 -1.000000000000000000e+00
0.000000000000000000e+00 4.687499999999999827e-03 -1.000000000000000000e+00
