0.000000000000000000e+00 3.238870000000000247e-04 4.453440000000000241e-04
0.000000000000000000e+00 0.000000000000000000e+00 -1.000000000000000000e+00
0.000000000000000000e+00 1.619430000000000045e-03 -1.000000000000000000e+00
0.000000000000000000e+00 1.659920000000000059e-03 -1.000000000000000000e+00
0.000000000000000000e+00 1.781379999999999943e-03 -1.000000000000000000e+00
0.000000000000000000e+00 1.659920000000000059e-03 1.781379999999999943e-03
0.000000000000000000e+00 1.740889999999999929e-03 1.781379999999999943e-03
0.000000000000000000e+00 1.376520000000000001e-03 -1.000000000000000000e+00
0.000000000000000000e+00 1.821860000000000016e-03 -1.000000000000000000e+00
0.000000000000000000e+00 1.538459999999999958e-03 -1.000000000000000000e+00
0.000000000000000000e+00 1.781379999999999943e-03 -1.000000000000000000e+00
0.000000000000000000e+00 1.659920000000000059e-03 -1.000000000000000000e+00
0.000000000000000000e+00 1.821860000000000016e-03 -1.000000000000000000e+00
0.000000000000000000e+00 1.781379999999999943e-03 -1.000000000000000000e+00
