0.000000000000000000e+00 9.345790000000000521e-04 1.214950000000000014e-03
0.000000000000000000e+00 7.476639999999999892e-04 1.308410000000000085e-03
0.000000000000000000e+00 0.000000000000000000e+00 -1.000000000000000000e+00
0.000000000000000000e+00 3.457940000000000059e-03 -1.000000000000000000e+00
0.000000000000000000e+00 5.607480000000000190e-04 1.028040000000000030e-03
0.000000000000000000e+00 5.607480000000000190e-04 -1.000000000000000000e+00
0.000000000000000000e+00 3.364489999999999929e-03 -1.000000000000000000e+00
0.000000000000000000e+00 1.682239999999999994e-03 2.056070000000000120e-03
0.000000000000000000e+00 7.476639999999999892e-04 -1.000000000000000000e+00
0.000000000000000000e+00 2.523360000000000099e-03 2.616820000000000170e-03
0.000000000000000000e+00 2.616820000000000170e-03 2.803739999999999878e-03
0.000000000000000000e+00 2.242989999999999828e-03 -1.000000000000000000e+00
0.000000000000000000e+00 2.990650000000000079e-03 3.084110000000000150e-03
0.000000000000000000e+00 2.990650000000000079e-03 -1.000000000000000000e+00
0.000000000000000000e+00 3.084110000000000150e-03 -1.000000000000000000e+00
0.000000000000000000e+00 3.177569999999999787e-03 -1.000000000000000000e+00
0.000000000000000000e+00 3.271029999999999858e-03 -1.000000000000000000e+00
0.000000000000000000e+00 3.364489999999999929e-03 -1.000000000000000000e+00
0.000000000000000000e+00 3.457940000000000059e-03 -1.000000000000000000e+00
0.000000000000000000e+00 3.364489999999999929e-03 -1.000000000000000000e+00
0.000000000000000000e+00 3.457940000000000059e-03 -1.000000000000000000e+00
