0.000000000000000000e+00 5.847950000000000142e-05 9.746589999999999800e-05
0.000000000000000000e+00 0.000000000000000000e+00 -1.000000000000000000e+00
0.000000000000000000e+00 3.118910000000000128e-04 -1.000000000000000000e+00
0.000000000000000000e+00 1.949320000000000168e-05 -1.000000000000000000e+00
0.000000000000000000e+00 3.313839999999999971e-04 -1.000000000000000000e+00
0.000000000000000000e+00 2.339180000000000057e-04 -1.000000000000000000e+00
0.000000000000000000e+00 2.534109999999999900e-04 -1.000000000000000000e+00
0.000000000000000000e+00 3.313839999999999971e-04 -1.000000000000000000e+00
0.000000000000000000e+00 3.118910000000000128e-04 -1.000000000000000000e+00
0.000000000000000000e+00 3.118910000000000128e-04 -1.000000000000000000e+00
