0.000000000000000000e+00 0.000000000000000000e+00 -1.000000000000000000e+00
0.000000000000000000e+00 9.246579999999999687e-04 -1.000000000000000000e+00
0.000000000000000000e+00 7.534249999999999498e-04 -1.000000000000000000e+00
0.000000000000000000e+00 3.424659999999999835e-04 -1.000000000000000000e+00
0.000000000000000000e+00 8.904110000000000236e-04 -1.000000000000000000e+00
0.000000000000000000e+00 5.821920000000000393e-04 6.506850000000000220e-04
0.000000000000000000e+00 5.136989999999999482e-04 -1.000000000000000000e+00
0.000000000000000000e+00 6.506850000000000220e-04 -1.000000000000000000e+00
0.000000000000000000e+00 7.534249999999999498e-04 -1.000000000000000000e+00
0.000000000000000000e+00 7.534249999999999498e-04 -1.000000000000000000e+00
