0.000000000000000000e+00 2.535790000000000006e-03 3.047030000000000051e-03
0.000000000000000000e+00 3.251529999999999872e-03 -1.000000000000000000e+00
0.000000000000000000e+00 1.676890000000000108e-03 -1.000000000000000000e+00
0.000000000000000000e+00 0.000000000000000000e+00 -1.000000000000000000e+00
0.000000000000000000e+00 3.067480000000000033e-03 -1.000000000000000000e+00
0.000000000000000000e+00 3.149279999999999961e-03 -1.000000000000000000e+00
0.000000000000000000e+00 3.149279999999999961e-03 -1.000000000000000000e+00
0.000000000000000000e+00 3.087930000000000015e-03 -1.000000000000000000e+00
0.000000000000000000e+00 3.190179999999999925e-03 -1.000000000000000000e+00
0.000000000000000000e+00 3.047030000000000051e-03 -1.000000000000000000e+00
0.000000000000000000e+00 2.699389999999999862e-03 -1.000000000000000000e+00
0.000000000000000000e+00 3.231079999999999890e-03 -1.000000000000000000e+00
0.000000000000000000e+00 3.087930000000000015e-03 -1.000000000000000000e+00
