0.000000000000000000e+00 1.473679999999999999e-03 -1.000000000000000000e+00
0.000000000000000000e+00 0.000000000000000000e+00 -1.000000000000000000e+00
0.000000000000000000e+00 1.578949999999999972e-03 -1.000000000000000000e+00
0.000000000000000000e+00 2.210530000000000047e-03 -1.000000000000000000e+00
0.000000000000000000e+00 2.315789999999999862e-03 2.368419999999999987e-03
0.000000000000000000e+00 2.315789999999999862e-03 2.368419999999999987e-03
0.000000000000000000e+00 1.947369999999999917e-03 -1.000000000000000000e+00
0.000000000000000000e+00 2.157889999999999982e-03 -1.000000000000000000e+00
0.000000000000000000e+00 2.368419999999999987e-03 -1.000000000000000000e+00
0.000000000000000000e+00 2.368419999999999987e-03 -1.000000000000000000e+00
0.000000000000000000e+00 2.368419999999999987e-03 -1.000000000000000000e+00
