0.000000000000000000e+00 2.200000000000000133e-03 2.533329999999999870e-03
0.000000000000000000e+00 0.000000000000000000e+00 -1.000000000000000000e+00
0.000000000000000000e+00 2.666669999999999891e-03 -1.000000000000000000e+00
0.000000000000000000e+00 3.599999999999999901e-03 -1.000000000000000000e+00
0.000000000000000000e+00 3.333329999999999800e-03 3.466669999999999821e-03
0.000000000000000000e+00 3.133330000000000143e-03 -1.000000000000000000e+00
0.000000000000000000e+00 3.399999999999999811e-03 -1.000000000000000000e+00
0.000000000000000000e+00 3.466669999999999821e-03 -1.000000000000000000e+00
0.000000000000000000e+00 3.533329999999999891e-03 -1.000000000000000000e+00
0.000000000000000000e+00 3.466669999999999821e-03 -1.000000000000000000e+00
0.000000000000000000e+00 3.599999999999999901e-03 -1.000000000000000000e+00
