0.000000000000000000e+00 2.054790000000000024e-04 3.424659999999999835e-04
0.000000000000000000e+00 2.397260000000000016e-04 5.821920000000000393e-04
0.000000000000000000e+00 0.000000000000000000e+00 -1.000000000000000000e+00
0.000000000000000000e+00 1.061639999999999980e-03 -1.000000000000000000e+00
0.000000000000000000e+00 6.506850000000000220e-04 7.191780000000000048e-04
0.000000000000000000e+00 5.821920000000000393e-04 -1.000000000000000000e+00
0.000000000000000000e+00 8.904110000000000236e-04 -1.000000000000000000e+00
0.000000000000000000e+00 7.876709999999999875e-04 -1.000000000000000000e+00
0.000000000000000000e+00 9.589040000000000064e-04 -1.000000000000000000e+00
0.000000000000000000e+00 1.027399999999999928e-03 -1.000000000000000000e+00
