0.000000000000000000e+00 0.000000000000000000e+00 -1.000000000000000000e+00
0.000000000000000000e+00 3.642380000000000183e-03 -1.000000000000000000e+00
0.000000000000000000e+00 3.841059999999999874e-03 -1.000000000000000000e+00
0.000000000000000000e+00 5.496690000000000256e-03 -1.000000000000000000e+00
0.000000000000000000e+00 5.629140000000000359e-03 -1.000000000000000000e+00
0.000000000000000000e+00 5.430459999999999801e-03 -1.000000000000000000e+00
0.000000000000000000e+00 4.966889999999999847e-03 -1.000000000000000000e+00
0.000000000000000000e+00 5.827810000000000108e-03 -1.000000000000000000e+00
0.000000000000000000e+00 5.827810000000000108e-03 -1.000000000000000000e+00
0.000000000000000000e+00 5.827810000000000108e-03 -1.000000000000000000e+00
0.000000000000000000e+00 5.827810000000000108e-03 -1.000000000000000000e+00
