0.000000000000000000e+00 1.960780000000000021e-04 1.568629999999999894e-03
0.000000000000000000e+00 0.000000000000000000e+00 -1.000000000000000000e+00
0.000000000000000000e+00 4.803919999999999718e-03 -1.000000000000000000e+00
0.000000000000000000e+00 5.098039999999999863e-03 -1.000000000000000000e+00
0.000000000000000000e+00 1.568629999999999894e-03 -1.000000000000000000e+00
0.000000000000000000e+00 3.529410000000000186e-03 -1.000000000000000000e+00
0.000000000000000000e+00 3.921570000000000090e-03 -1.000000000000000000e+00
0.000000000000000000e+00 4.607840000000000200e-03 -1.000000000000000000e+00
0.000000000000000000e+00 4.803919999999999718e-03 -1.000000000000000000e+00
0.000000000000000000e+00 5.000000000000000104e-03 -1.000000000000000000e+00
0.000000000000000000e+00 5.098039999999999863e-03 -1.000000000000000000e+00
0.000000000000000000e+00 5.000000000000000104e-03 -1.000000000000000000e+00
