0.000000000000000000e+00 4.048580000000000191e-04 5.668020000000000393e-04
0.000000000000000000e+00 0.000000000000000000e+00 -1.000000000000000000e+00
0.000000000000000000e+00 8.906880000000000483e-04 -1.000000000000000000e+00
0.000000000000000000e+00 1.457490000000000088e-03 -1.000000000000000000e+00
0.000000000000000000e+00 1.538459999999999958e-03 -1.000000000000000000e+00
0.000000000000000000e+00 1.578949999999999972e-03 -1.000000000000000000e+00
0.000000000000000000e+00 1.376520000000000001e-03 1.538459999999999958e-03
0.000000000000000000e+00 9.311739999999999991e-04 -1.000000000000000000e+00
0.000000000000000000e+00 1.214570000000000103e-03 -1.000000000000000000e+00
0.000000000000000000e+00 1.538459999999999958e-03 -1.000000000000000000e+00
0.000000000000000000e+00 1.538459999999999958e-03 -1.000000000000000000e+00
0.000000000000000000e+00 1.457490000000000088e-03 -1.000000000000000000e+00
0.000000000000000000e+00 1.578949999999999972e-03 -1.000000000000000000e+00
0.000000000000000000e+00 1.538459999999999958e-03 -1.000000000000000000e+00
