0.000000000000000000e+00 1.041669999999999939e-04 2.083329999999999991e-04
0.000000000000000000e+00 1.041669999999999939e-04 7.291669999999999662e-04
0.000000000000000000e+00 0.000000000000000000e+00 -1.000000000000000000e+00
0.000000000000000000e+00 2.291669999999999992e-03 -1.000000000000000000e+00
0.000000000000000000e+00 7.291669999999999662e-04 -1.000000000000000000e+00
0.000000000000000000e+00 3.229169999999999957e-03 -1.000000000000000000e+00
0.000000000000000000e+00 8.333330000000000121e-04 -1.000000000000000000e+00
0.000000000000000000e+00 2.395829999999999835e-03 -1.000000000000000000e+00
0.000000000000000000e+00 3.125000000000000173e-03 3.229169999999999957e-03
0.000000000000000000e+00 3.125000000000000173e-03 -1.000000000000000000e+00
0.000000000000000000e+00 3.229169999999999957e-03 -1.000000000000000000e+00
0.000000000000000000e+00 3.229169999999999957e-03 -1.000000000000000000e+00
