0.000000000000000000e+00 2.397260000000000016e-04 3.082189999999999843e-04
0.000000000000000000e+00 6.506850000000000220e-04 -1.000000000000000000e+00
0.000000000000000000e+00 7.191780000000000048e-04 -1.000000000000000000e+00
0.000000000000000000e+00 0.000000000000000000e+00 -1.000000000000000000e+00
0.000000000000000000e+00 1.164380000000000016e-03 -1.000000000000000000e+00
0.000000000000000000e+00 6.849319999999999671e-04 7.534249999999999498e-04
0.000000000000000000e+00 3.767120000000000212e-04 -1.000000000000000000e+00
0.000000000000000000e+00 8.219180000000000409e-04 8.904110000000000236e-04
0.000000000000000000e+00 8.219180000000000409e-04 -1.000000000000000000e+00
0.000000000000000000e+00 8.904110000000000236e-04 1.095889999999999972e-03
0.000000000000000000e+00 8.904110000000000236e-04 -1.000000000000000000e+00
0.000000000000000000e+00 1.164380000000000016e-03 1.198630000000000008e-03
0.000000000000000000e+00 1.095889999999999972e-03 -1.000000000000000000e+00
0.000000000000000000e+00 1.198630000000000008e-03 -1.000000000000000000e+00
0.000000000000000000e+00 1.198630000000000008e-03 -1.000000000000000000e+00
