0.000000000000000000e+00 0.000000000000000000e+00 -1.000000000000000000e+00
0.000000000000000000e+00 5.734769999999999712e-04 -1.000000000000000000e+00
0.000000000000000000e+00 3.225810000000000071e-04 -1.000000000000000000e+00
0.000000000000000000e+00 4.659500000000000230e-04 -1.000000000000000000e+00
0.000000000000000000e+00 5.017920000000000366e-04 -1.000000000000000000e+00
0.000000000000000000e+00 6.093189999999999848e-04 -1.000000000000000000e+00
0.000000000000000000e+00 5.017920000000000366e-04 -1.000000000000000000e+00
0.000000000000000000e+00 5.734769999999999712e-04 -1.000000000000000000e+00
0.000000000000000000e+00 5.734769999999999712e-04 -1.000000000000000000e+00
0.000000000000000000e+00 6.093189999999999848e-04 -1.000000000000000000e+00
