0.000000000000000000e+00 7.333329999999999883e-03 1.111110000000000049e-02
0.000000000000000000e+00 0.000000000000000000e+00 -1.000000000000000000e+00
0.000000000000000000e+00 1.166670000000000033e-02 -1.000000000000000000e+00
0.000000000000000000e+00 1.177779999999999973e-02 -1.000000000000000000e+00
0.000000000000000000e+00 1.099999999999999936e-02 -1.000000000000000000e+00
0.000000000000000000e+00 1.000000000000000021e-02 -1.000000000000000000e+00
0.000000000000000000e+00 1.155559999999999921e-02 -1.000000000000000000e+00
0.000000000000000000e+00 1.166670000000000033e-02 -1.000000000000000000e+00
0.000000000000000000e+00 1.177779999999999973e-02 -1.000000000000000000e+00
0.000000000000000000e+00 1.166670000000000033e-02 -1.000000000000000000e+00
0.000000000000000000e+00 1.099999999999999936e-02 -1.000000000000000000e+00
