0.000000000000000000e+00 2.450980000000000172e-03 3.431369999999999993e-03
0.000000000000000000e+00 0.000000000000000000e+00 -1.000000000000000000e+00
0.000000000000000000e+00 3.725490000000000138e-03 -1.000000000000000000e+00
0.000000000000000000e+00 3.823529999999999898e-03 4.019609999999999850e-03
0.000000000000000000e+00 3.823529999999999898e-03 4.019609999999999850e-03
0.000000000000000000e+00 2.745099999999999884e-03 -1.000000000000000000e+00
0.000000000000000000e+00 4.019609999999999850e-03 -1.000000000000000000e+00
0.000000000000000000e+00 4.019609999999999850e-03 -1.000000000000000000e+00
0.000000000000000000e+00 3.627449999999999945e-03 -1.000000000000000000e+00
0.000000000000000000e+00 4.019609999999999850e-03 -1.000000000000000000e+00
