0.000000000000000000e+00 0.000000000000000000e+00 -1.000000000000000000e+00
0.000000000000000000e+00 7.634410000000000328e-03 -1.000000000000000000e+00
0.000000000000000000e+00 7.132620000000000106e-03 -1.000000000000000000e+00
0.000000000000000000e+00 7.670249999999999985e-03 -1.000000000000000000e+00
0.000000000000000000e+00 5.663080000000000024e-03 -1.000000000000000000e+00
0.000000000000000000e+00 7.741940000000000106e-03 -1.000000000000000000e+00
0.000000000000000000e+00 7.741940000000000106e-03 -1.000000000000000000e+00
0.000000000000000000e+00 7.741940000000000106e-03 -1.000000000000000000e+00
0.000000000000000000e+00 7.777779999999999763e-03 -1.000000000000000000e+00
0.000000000000000000e+00 7.777779999999999763e-03 -1.000000000000000000e+00
0.000000000000000000e+00 7.777779999999999763e-03 -1.000000000000000000e+00
