0.000000000000000000e+00 0.000000000000000000e+00 -1.000000000000000000e+00
0.000000000000000000e+00 3.333329999999999800e-03 -1.000000000000000000e+00
0.000000000000000000e+00 3.333329999999999800e-03 -1.000000000000000000e+00
0.000000000000000000e+00 3.589740000000000118e-03 -1.000000000000000000e+00
0.000000000000000000e+00 3.589740000000000118e-03 -1.000000000000000000e+00
0.000000000000000000e+00 2.307689999999999828e-03 -1.000000000000000000e+00
0.000000000000000000e+00 3.589740000000000118e-03 -1.000000000000000000e+00
0.000000000000000000e+00 3.589740000000000118e-03 -1.000000000000000000e+00
0.000000000000000000e+00 3.589740000000000118e-03 -1.000000000000000000e+00
0.000000000000000000e+00 3.589740000000000118e-03 -1.000000000000000000e+00
0.000000000000000000e+00 2.051279999999999944e-03 -1.000000000000000000e+00
0.000000000000000000e+00 2.820510000000000031e-03 -1.000000000000000000e+00
0.000000000000000000e+00 3.589740000000000118e-03 -1.000000000000000000e+00
