0.000000000000000000e+00 7.168460000000000413e-04 7.885299999999999601e-04
0.000000000000000000e+00 6.810040000000000277e-04 -1.000000000000000000e+00
0.000000000000000000e+00 2.150540000000000047e-04 -1.000000000000000000e+00
0.000000000000000000e+00 6.810040000000000277e-04 -1.000000000000000000e+00
0.000000000000000000e+00 0.000000000000000000e+00 -1.000000000000000000e+00
0.000000000000000000e+00 8.602150000000000031e-04 -1.000000000000000000e+00
0.000000000000000000e+00 4.659500000000000230e-04 -1.000000000000000000e+00
0.000000000000000000e+00 8.243729999999999895e-04 -1.000000000000000000e+00
0.000000000000000000e+00 8.602150000000000031e-04 -1.000000000000000000e+00
0.000000000000000000e+00 8.602150000000000031e-04 -1.000000000000000000e+00
