0.000000000000000000e+00 0.000000000000000000e+00 -1.000000000000000000e+00
0.000000000000000000e+00 0.000000000000000000e+00 -1.000000000000000000e+00
0.000000000000000000e+00 2.222220000000000011e-04 -1.000000000000000000e+00
0.000000000000000000e+00 8.888890000000000203e-04 -1.000000000000000000e+00
0.000000000000000000e+00 8.888890000000000203e-04 -1.000000000000000000e+00
0.000000000000000000e+00 8.888890000000000203e-04 -1.000000000000000000e+00
0.000000000000000000e+00 7.777780000000000197e-04 -1.000000000000000000e+00
0.000000000000000000e+00 8.888890000000000203e-04 -1.000000000000000000e+00
0.000000000000000000e+00 7.777780000000000197e-04 -1.000000000000000000e+00
0.000000000000000000e+00 8.888890000000000203e-04 -1.000000000000000000e+00
0.000000000000000000e+00 8.888890000000000203e-04 -1.000000000000000000e+00
