0.000000000000000000e+00 2.631579999999999900e-04 1.736839999999999912e-03
0.000000000000000000e+00 3.315789999999999883e-03 -1.000000000000000000e+00
0.000000000000000000e+00 3.315789999999999883e-03 -1.000000000000000000e+00
0.000000000000000000e+00 0.000000000000000000e+00 -1.000000000000000000e+00
0.000000000000000000e+00 3.315789999999999883e-03 -1.000000000000000000e+00
0.000000000000000000e+00 3.157890000000000003e-03 3.263160000000000192e-03
0.000000000000000000e+00 3.105259999999999878e-03 3.263160000000000192e-03
0.000000000000000000e+00 3.210530000000000068e-03 3.263160000000000192e-03
0.000000000000000000e+00 3.052630000000000187e-03 -1.000000000000000000e+00
0.000000000000000000e+00 3.263160000000000192e-03 3.315789999999999883e-03
0.000000000000000000e+00 3.263160000000000192e-03 -1.000000000000000000e+00
0.000000000000000000e+00 3.263160000000000192e-03 -1.000000000000000000e+00
0.000000000000000000e+00 3.263160000000000192e-03 -1.000000000000000000e+00
0.000000000000000000e+00 3.263160000000000192e-03 -1.000000000000000000e+00
0.000000000000000000e+00 3.315789999999999883e-03 -1.000000000000000000e+00
