0.000000000000000000e+00 4.794520000000000032e-04 8.219180000000000409e-04
0.000000000000000000e+00 2.260269999999999987e-03 -1.000000000000000000e+00
0.000000000000000000e+00 0.000000000000000000e+00 -1.000000000000000000e+00
0.000000000000000000e+00 1.952050000000000096e-03 -1.000000000000000000e+00
0.000000000000000000e+00 2.020549999999999864e-03 -1.000000000000000000e+00
0.000000000000000000e+00 1.849320000000000000e-03 -1.000000000000000000e+00
0.000000000000000000e+00 2.226029999999999936e-03 -1.000000000000000000e+00
0.000000000000000000e+00 1.130139999999999964e-03 1.267120000000000052e-03
0.000000000000000000e+00 1.164380000000000016e-03 1.301370000000000044e-03
0.000000000000000000e+00 3.424659999999999835e-04 -1.000000000000000000e+00
0.000000000000000000e+00 2.226029999999999936e-03 -1.000000000000000000e+00
0.000000000000000000e+00 1.335620000000000036e-03 -1.000000000000000000e+00
0.000000000000000000e+00 1.849320000000000000e-03 -1.000000000000000000e+00
0.000000000000000000e+00 2.054789999999999915e-03 -1.000000000000000000e+00
