0.000000000000000000e+00 4.444440000000000023e-03 -1.000000000000000000e+00
0.000000000000000000e+00 0.000000000000000000e+00 -1.000000000000000000e+00
0.000000000000000000e+00 4.444440000000000023e-03 -1.000000000000000000e+00
0.000000000000000000e+00 4.555560000000000165e-03 -1.000000000000000000e+00
0.000000000000000000e+00 3.111109999999999830e-03 -1.000000000000000000e+00
0.000000000000000000e+00 4.111110000000000285e-03 4.555560000000000165e-03
0.000000000000000000e+00 4.444440000000000023e-03 4.555560000000000165e-03
0.000000000000000000e+00 4.111110000000000285e-03 -1.000000000000000000e+00
0.000000000000000000e+00 4.555560000000000165e-03 -1.000000000000000000e+00
0.000000000000000000e+00 4.555560000000000165e-03 -1.000000000000000000e+00
0.000000000000000000e+00 4.555560000000000165e-03 -1.000000000000000000e+00
