0.000000000000000000e+00 0.000000000000000000e+00 -1.000000000000000000e+00
0.000000000000000000e+00 1.891890000000000021e-03 -1.000000000000000000e+00
0.000000000000000000e+00 1.351350000000000077e-03 1.486490000000000034e-03
0.000000000000000000e+00 1.216220000000000061e-03 -1.000000000000000000e+00
0.000000000000000000e+00 1.418919999999999947e-03 -1.000000000000000000e+00
0.000000000000000000e+00 1.824319999999999935e-03 1.891890000000000021e-03
0.000000000000000000e+00 1.756760000000000006e-03 1.891890000000000021e-03
0.000000000000000000e+00 1.824319999999999935e-03 1.891890000000000021e-03
0.000000000000000000e+00 1.689189999999999919e-03 1.891890000000000021e-03
0.000000000000000000e+00 1.554049999999999963e-03 -1.000000000000000000e+00
0.000000000000000000e+00 1.891890000000000021e-03 -1.000000000000000000e+00
0.000000000000000000e+00 1.891890000000000021e-03 -1.000000000000000000e+00
0.000000000000000000e+00 1.891890000000000021e-03 -1.000000000000000000e+00
0.000000000000000000e+00 1.891890000000000021e-03 -1.000000000000000000e+00
0.000000000000000000e+00 1.891890000000000021e-03 -1.000000000000000000e+00
0.000000000000000000e+00 1.891890000000000021e-03 -1.000000000000000000e+00
