0.000000000000000000e+00 2.702700000000000263e-04 8.108110000000000404e-04
0.000000000000000000e+00 0.000000000000000000e+00 -1.000000000000000000e+00
0.000000000000000000e+00 7.432429999999999853e-04 -1.000000000000000000e+00
0.000000000000000000e+00 6.756759999999999459e-04 8.108110000000000404e-04
0.000000000000000000e+00 7.432429999999999853e-04 8.108110000000000404e-04
0.000000000000000000e+00 8.108110000000000404e-04 -1.000000000000000000e+00
0.000000000000000000e+00 5.405409999999999599e-04 -1.000000000000000000e+00
0.000000000000000000e+00 8.108110000000000404e-04 -1.000000000000000000e+00
0.000000000000000000e+00 8.108110000000000404e-04 -1.000000000000000000e+00
0.000000000000000000e+00 8.108110000000000404e-04 -1.000000000000000000e+00
0.000000000000000000e+00 8.108110000000000404e-04 -1.000000000000000000e+00
