0.000000000000000000e+00 0.000000000000000000e+00 -1.000000000000000000e+00
0.000000000000000000e+00 2.222220000000000011e-04 -1.000000000000000000e+00
0.000000000000000000e+00 2.222220000000000011e-04 -1.000000000000000000e+00
0.000000000000000000e+00 1.000000000000000021e-03 -1.000000000000000000e+00
0.000000000000000000e+00 1.111110000000000006e-03 -1.000000000000000000e+00
0.000000000000000000e+00 1.000000000000000021e-03 -1.000000000000000000e+00
0.000000000000000000e+00 1.000000000000000021e-03 -1.000000000000000000e+00
0.000000000000000000e+00 1.000000000000000021e-03 -1.000000000000000000e+00
0.000000000000000000e+00 4.444440000000000023e-04 -1.000000000000000000e+00
0.000000000000000000e+00 1.111110000000000006e-03 -1.000000000000000000e+00
0.000000000000000000e+00 7.777780000000000197e-04 -1.000000000000000000e+00
0.000000000000000000e+00 1.111110000000000006e-03 -1.000000000000000000e+00
