0.000000000000000000e+00 5.000000000000000104e-03 5.104169999999999888e-03
0.000000000000000000e+00 4.687499999999999827e-03 -1.000000000000000000e+00
0.000000000000000000e+00 0.000000000000000000e+00 -1.000000000000000000e+00
0.000000000000000000e+00 5.208329999999999731e-03 -1.000000000000000000e+00
0.000000000000000000e+00 5.208329999999999731e-03 -1.000000000000000000e+00
0.000000000000000000e+00 5.208329999999999731e-03 -1.000000000000000000e+00
0.000000000000000000e+00 5.208329999999999731e-03 -1.000000000000000000e+00
0.000000000000000000e+00 5.208329999999999731e-03 -1.000000000000000000e+00
0.000000000000000000e+00 5.208329999999999731e-03 -1.000000000000000000e+00
0.000000000000000000e+00 5.208329999999999731e-03 -1.000000000000000000e+00
