0.000000000000000000e+00 1.721850000000000030e-03 -1.000000000000000000e+00
0.000000000000000000e+00 5.099339999999999949e-03 -1.000000000000000000e+00
0.000000000000000000e+00 5.231790000000000052e-03 -1.000000000000000000e+00
0.000000000000000000e+00 0.000000000000000000e+00 -1.000000000000000000e+00
0.000000000000000000e+00 5.231790000000000052e-03 -1.000000000000000000e+00
0.000000000000000000e+00 5.496690000000000256e-03 -1.000000000000000000e+00
0.000000000000000000e+00 5.496690000000000256e-03 -1.000000000000000000e+00
0.000000000000000000e+00 5.562909999999999903e-03 -1.000000000000000000e+00
0.000000000000000000e+00 5.562909999999999903e-03 -1.000000000000000000e+00
0.000000000000000000e+00 5.562909999999999903e-03 -1.000000000000000000e+00
0.000000000000000000e+00 5.562909999999999903e-03 -1.000000000000000000e+00
0.000000000000000000e+00 5.562909999999999903e-03 -1.000000000000000000e+00
