0.000000000000000000e+00 0.000000000000000000e+00 -1.000000000000000000e+00
0.000000000000000000e+00 1.048780000000000025e-02 -1.000000000000000000e+00
0.000000000000000000e+00 9.837399999999999617e-03 1.008129999999999964e-02
0.000000000000000000e+00 9.756100000000000189e-03 -1.000000000000000000e+00
0.000000000000000000e+00 9.756100000000000189e-03 -1.000000000000000000e+00
0.000000000000000000e+00 1.000000000000000021e-02 -1.000000000000000000e+00
0.000000000000000000e+00 1.024390000000000023e-02 -1.000000000000000000e+00
0.000000000000000000e+00 1.040650000000000082e-02 -1.000000000000000000e+00
0.000000000000000000e+00 1.048780000000000025e-02 -1.000000000000000000e+00
0.000000000000000000e+00 1.048780000000000025e-02 -1.000000000000000000e+00
0.000000000000000000e+00 1.048780000000000025e-02 -1.000000000000000000e+00
0.000000000000000000e+00 1.048780000000000025e-02 -1.000000000000000000e+00
