0.000000000000000000e+00 5.333329999999999842e-03 -1.000000000000000000e+00
0.000000000000000000e+00 9.666670000000000471e-03 -1.000000000000000000e+00
0.000000000000000000e+00 0.000000000000000000e+00 -1.000000000000000000e+00
0.000000000000000000e+00 9.866669999999999260e-03 -1.000000000000000000e+00
0.000000000000000000e+00 9.866669999999999260e-03 -1.000000000000000000e+00
0.000000000000000000e+00 9.599999999999999159e-03 9.666670000000000471e-03
0.000000000000000000e+00 9.400000000000000369e-03 -1.000000000000000000e+00
0.000000000000000000e+00 9.400000000000000369e-03 -1.000000000000000000e+00
0.000000000000000000e+00 9.933330000000000631e-03 -1.000000000000000000e+00
0.000000000000000000e+00 9.666670000000000471e-03 -1.000000000000000000e+00
0.000000000000000000e+00 9.666670000000000471e-03 -1.000000000000000000e+00
