0.000000000000000000e+00 3.898640000000000335e-05 5.847950000000000142e-05
0.000000000000000000e+00 0.000000000000000000e+00 -1.000000000000000000e+00
0.000000000000000000e+00 3.313839999999999971e-04 -1.000000000000000000e+00
0.000000000000000000e+00 1.364519999999999871e-04 -1.000000000000000000e+00
0.000000000000000000e+00 2.729039999999999743e-04 -1.000000000000000000e+00
0.000000000000000000e+00 3.898640000000000200e-04 -1.000000000000000000e+00
0.000000000000000000e+00 4.483430000000000271e-04 -1.000000000000000000e+00
0.000000000000000000e+00 3.703700000000000199e-04 -1.000000000000000000e+00
0.000000000000000000e+00 4.288499999999999886e-04 -1.000000000000000000e+00
0.000000000000000000e+00 4.093570000000000043e-04 -1.000000000000000000e+00
