0.000000000000000000e+00 6.164379999999999686e-04 7.191780000000000048e-04
0.000000000000000000e+00 1.541099999999999892e-03 -1.000000000000000000e+00
0.000000000000000000e+00 0.000000000000000000e+00 -1.000000000000000000e+00
0.000000000000000000e+00 1.643839999999999928e-03 -1.000000000000000000e+00
0.000000000000000000e+00 1.678079999999999980e-03 -1.000000000000000000e+00
0.000000000000000000e+00 7.191780000000000048e-04 -1.000000000000000000e+00
0.000000000000000000e+00 1.678079999999999980e-03 -1.000000000000000000e+00
0.000000000000000000e+00 1.130139999999999964e-03 -1.000000000000000000e+00
0.000000000000000000e+00 1.301370000000000044e-03 -1.000000000000000000e+00
0.000000000000000000e+00 1.472599999999999907e-03 -1.000000000000000000e+00
