0.000000000000000000e+00 6.263160000000000255e-03 -1.000000000000000000e+00
0.000000000000000000e+00 0.000000000000000000e+00 -1.000000000000000000e+00
0.000000000000000000e+00 6.368419999999999637e-03 -1.000000000000000000e+00
0.000000000000000000e+00 4.947370000000000413e-03 5.052629999999999795e-03
0.000000000000000000e+00 3.052630000000000187e-03 -1.000000000000000000e+00
0.000000000000000000e+00 5.684210000000000304e-03 5.947369999999999567e-03
0.000000000000000000e+00 5.473679999999999865e-03 5.947369999999999567e-03
0.000000000000000000e+00 4.894739999999999855e-03 -1.000000000000000000e+00
0.000000000000000000e+00 6.052629999999999816e-03 6.105260000000000374e-03
0.000000000000000000e+00 6.000000000000000125e-03 6.105260000000000374e-03
0.000000000000000000e+00 5.947369999999999567e-03 6.105260000000000374e-03
0.000000000000000000e+00 5.947369999999999567e-03 -1.000000000000000000e+00
0.000000000000000000e+00 6.105260000000000374e-03 -1.000000000000000000e+00
0.000000000000000000e+00 6.210529999999999697e-03 -1.000000000000000000e+00
0.000000000000000000e+00 6.052629999999999816e-03 -1.000000000000000000e+00
0.000000000000000000e+00 6.263160000000000255e-03 -1.000000000000000000e+00
0.000000000000000000e+00 6.105260000000000374e-03 -1.000000000000000000e+00
0.000000000000000000e+00 6.210529999999999697e-03 -1.000000000000000000e+00
