0.000000000000000000e+00 5.555560000000000186e-04 8.888890000000000203e-04
0.000000000000000000e+00 0.000000000000000000e+00 -1.000000000000000000e+00
0.000000000000000000e+00 7.777780000000000197e-04 -1.000000000000000000e+00
0.000000000000000000e+00 1.222219999999999990e-03 -1.000000000000000000e+00
0.000000000000000000e+00 3.333330000000000017e-04 -1.000000000000000000e+00
0.000000000000000000e+00 2.222220000000000011e-04 -1.000000000000000000e+00
0.000000000000000000e+00 1.000000000000000021e-03 -1.000000000000000000e+00
0.000000000000000000e+00 1.111110000000000006e-03 -1.000000000000000000e+00
0.000000000000000000e+00 1.000000000000000021e-03 -1.000000000000000000e+00
0.000000000000000000e+00 1.111110000000000006e-03 -1.000000000000000000e+00
0.000000000000000000e+00 8.888890000000000203e-04 -1.000000000000000000e+00
0.000000000000000000e+00 1.111110000000000006e-03 -1.000000000000000000e+00
0.000000000000000000e+00 1.111110000000000006e-03 -1.000000000000000000e+00
