0.000000000000000000e+00 2.315789999999999862e-03 2.368419999999999987e-03
0.000000000000000000e+00 1.263159999999999934e-03 2.526319999999999868e-03
0.000000000000000000e+00 2.894739999999999813e-03 2.947369999999999938e-03
0.000000000000000000e+00 3.105259999999999878e-03 -1.000000000000000000e+00
0.000000000000000000e+00 0.000000000000000000e+00 -1.000000000000000000e+00
0.000000000000000000e+00 2.947369999999999938e-03 -1.000000000000000000e+00
0.000000000000000000e+00 2.526319999999999868e-03 -1.000000000000000000e+00
0.000000000000000000e+00 3.157890000000000003e-03 -1.000000000000000000e+00
0.000000000000000000e+00 2.842110000000000122e-03 2.947369999999999938e-03
0.000000000000000000e+00 2.631580000000000117e-03 3.157890000000000003e-03
0.000000000000000000e+00 3.052630000000000187e-03 3.157890000000000003e-03
0.000000000000000000e+00 3.052630000000000187e-03 3.157890000000000003e-03
0.000000000000000000e+00 2.894739999999999813e-03 -1.000000000000000000e+00
0.000000000000000000e+00 2.947369999999999938e-03 -1.000000000000000000e+00
0.000000000000000000e+00 2.473679999999999803e-03 -1.000000000000000000e+00
0.000000000000000000e+00 2.947369999999999938e-03 -1.000000000000000000e+00
0.000000000000000000e+00 3.157890000000000003e-03 -1.000000000000000000e+00
0.000000000000000000e+00 3.157890000000000003e-03 -1.000000000000000000e+00
0.000000000000000000e+00 3.157890000000000003e-03 -1.000000000000000000e+00
0.000000000000000000e+00 3.105259999999999878e-03 -1.000000000000000000e+00
0.000000000000000000e+00 3.157890000000000003e-03 -1.000000000000000000e+00
