0.000000000000000000e+00 5.102739999999999707e-03 5.821920000000000393e-03
0.000000000000000000e+00 0.000000000000000000e+00 -1.000000000000000000e+00
0.000000000000000000e+00 5.068490000000000148e-03 -1.000000000000000000e+00
0.000000000000000000e+00 5.479450000000000293e-03 -1.000000000000000000e+00
0.000000000000000000e+00 5.993150000000000040e-03 -1.000000000000000000e+00
0.000000000000000000e+00 5.890409999999999570e-03 5.924659999999999996e-03
0.000000000000000000e+00 5.856160000000000011e-03 5.924659999999999996e-03
0.000000000000000000e+00 5.787669999999999967e-03 -1.000000000000000000e+00
0.000000000000000000e+00 5.582189999999999895e-03 -1.000000000000000000e+00
0.000000000000000000e+00 5.924659999999999996e-03 -1.000000000000000000e+00
0.000000000000000000e+00 5.958899999999999614e-03 -1.000000000000000000e+00
0.000000000000000000e+00 6.027399999999999598e-03 -1.000000000000000000e+00
