0.000000000000000000e+00 3.313839999999999971e-04 3.508769999999999814e-04
0.000000000000000000e+00 4.093570000000000043e-04 4.483430000000000271e-04
0.000000000000000000e+00 0.000000000000000000e+00 -1.000000000000000000e+00
0.000000000000000000e+00 7.797269999999999971e-05 -1.000000000000000000e+00
0.000000000000000000e+00 4.483430000000000271e-04 -1.000000000000000000e+00
0.000000000000000000e+00 4.483430000000000271e-04 -1.000000000000000000e+00
0.000000000000000000e+00 4.483430000000000271e-04 -1.000000000000000000e+00
0.000000000000000000e+00 4.093570000000000043e-04 4.288499999999999886e-04
0.000000000000000000e+00 4.093570000000000043e-04 -1.000000000000000000e+00
0.000000000000000000e+00 4.483430000000000271e-04 -1.000000000000000000e+00
