0.000000000000000000e+00 6.477730000000000337e-04 7.287450000000000438e-04
0.000000000000000000e+00 0.000000000000000000e+00 -1.000000000000000000e+00
0.000000000000000000e+00 1.457490000000000088e-03 -1.000000000000000000e+00
0.000000000000000000e+00 8.097170000000000539e-04 -1.000000000000000000e+00
0.000000000000000000e+00 1.497980000000000101e-03 -1.000000000000000000e+00
0.000000000000000000e+00 1.376520000000000001e-03 -1.000000000000000000e+00
0.000000000000000000e+00 8.097170000000000539e-04 -1.000000000000000000e+00
0.000000000000000000e+00 1.497980000000000101e-03 -1.000000000000000000e+00
0.000000000000000000e+00 1.295549999999999913e-03 -1.000000000000000000e+00
0.000000000000000000e+00 1.497980000000000101e-03 -1.000000000000000000e+00
0.000000000000000000e+00 1.417000000000000074e-03 -1.000000000000000000e+00
