0.000000000000000000e+00 0.000000000000000000e+00 -1.000000000000000000e+00
0.000000000000000000e+00 1.785420000000000019e-03 -1.000000000000000000e+00
0.000000000000000000e+00 1.947740000000000105e-03 -1.000000000000000000e+00
0.000000000000000000e+00 1.785420000000000019e-03 1.866580000000000062e-03
0.000000000000000000e+00 1.866580000000000062e-03 1.947740000000000105e-03
0.000000000000000000e+00 1.136180000000000089e-03 -1.000000000000000000e+00
0.000000000000000000e+00 2.028890000000000207e-03 -1.000000000000000000e+00
0.000000000000000000e+00 1.866580000000000062e-03 2.028890000000000207e-03
0.000000000000000000e+00 1.866580000000000062e-03 -1.000000000000000000e+00
0.000000000000000000e+00 2.028890000000000207e-03 -1.000000000000000000e+00
0.000000000000000000e+00 2.028890000000000207e-03 -1.000000000000000000e+00
0.000000000000000000e+00 2.028890000000000207e-03 -1.000000000000000000e+00
0.000000000000000000e+00 2.028890000000000207e-03 -1.000000000000000000e+00
0.000000000000000000e+00 2.028890000000000207e-03 -1.000000000000000000e+00
0.000000000000000000e+00 2.028890000000000207e-03 -1.000000000000000000e+00
0.000000000000000000e+00 2.028890000000000207e-03 -1.000000000000000000e+00
0.000000000000000000e+00 2.028890000000000207e-03 -1.000000000000000000e+00
0.000000000000000000e+00 2.028890000000000207e-03 -1.000000000000000000e+00
