0.000000000000000000e+00 5.263159999999999800e-04 6.842109999999999989e-04
0.000000000000000000e+00 0.000000000000000000e+00 -1.000000000000000000e+00
0.000000000000000000e+00 1.210530000000000026e-03 -1.000000000000000000e+00
0.000000000000000000e+00 1.526320000000000064e-03 -1.000000000000000000e+00
0.000000000000000000e+00 6.315789999999999512e-04 -1.000000000000000000e+00
0.000000000000000000e+00 1.473679999999999999e-03 -1.000000000000000000e+00
0.000000000000000000e+00 1.263159999999999934e-03 -1.000000000000000000e+00
0.000000000000000000e+00 1.473679999999999999e-03 -1.000000000000000000e+00
0.000000000000000000e+00 1.526320000000000064e-03 -1.000000000000000000e+00
0.000000000000000000e+00 1.631580000000000096e-03 -1.000000000000000000e+00
