0.000000000000000000e+00 0.000000000000000000e+00 -1.000000000000000000e+00
0.000000000000000000e+00 3.584230000000000207e-04 -1.000000000000000000e+00
0.000000000000000000e+00 6.451609999999999984e-04 -1.000000000000000000e+00
0.000000000000000000e+00 3.942649999999999801e-04 -1.000000000000000000e+00
0.000000000000000000e+00 6.451609999999999984e-04 -1.000000000000000000e+00
0.000000000000000000e+00 3.584230000000000207e-04 -1.000000000000000000e+00
0.000000000000000000e+00 6.810040000000000277e-04 -1.000000000000000000e+00
0.000000000000000000e+00 6.093189999999999848e-04 6.810040000000000277e-04
0.000000000000000000e+00 6.093189999999999848e-04 -1.000000000000000000e+00
0.000000000000000000e+00 5.376340000000000502e-04 -1.000000000000000000e+00
0.000000000000000000e+00 6.093189999999999848e-04 -1.000000000000000000e+00
0.000000000000000000e+00 6.810040000000000277e-04 -1.000000000000000000e+00
0.000000000000000000e+00 6.810040000000000277e-04 -1.000000000000000000e+00
