0.000000000000000000e+00 1.312180000000000030e-03 2.385780000000000105e-03
0.000000000000000000e+00 0.000000000000000000e+00 -1.000000000000000000e+00
0.000000000000000000e+00 4.652270000000000016e-03 -1.000000000000000000e+00
0.000000000000000000e+00 2.505069999999999866e-03 -1.000000000000000000e+00
0.000000000000000000e+00 4.532979999999999822e-03 -1.000000000000000000e+00
0.000000000000000000e+00 5.487299999999999643e-03 5.606579999999999897e-03
0.000000000000000000e+00 5.368010000000000316e-03 -1.000000000000000000e+00
0.000000000000000000e+00 5.606579999999999897e-03 -1.000000000000000000e+00
0.000000000000000000e+00 5.606579999999999897e-03 -1.000000000000000000e+00
0.000000000000000000e+00 5.606579999999999897e-03 -1.000000000000000000e+00
0.000000000000000000e+00 5.606579999999999897e-03 -1.000000000000000000e+00
