0.000000000000000000e+00 1.333329999999999921e-04 2.666670000000000000e-04
0.000000000000000000e+00 2.000000000000000096e-04 3.333330000000000017e-04
0.000000000000000000e+00 0.000000000000000000e+00 -1.000000000000000000e+00
0.000000000000000000e+00 5.999999999999999474e-04 8.666670000000000016e-04
0.000000000000000000e+00 1.000000000000000021e-03 1.133330000000000101e-03
0.000000000000000000e+00 3.333330000000000017e-04 -1.000000000000000000e+00
0.000000000000000000e+00 1.399999999999999986e-03 1.466669999999999996e-03
0.000000000000000000e+00 1.199999999999999895e-03 -1.000000000000000000e+00
0.000000000000000000e+00 1.533330000000000066e-03 -1.000000000000000000e+00
0.000000000000000000e+00 1.600000000000000077e-03 -1.000000000000000000e+00
0.000000000000000000e+00 1.600000000000000077e-03 -1.000000000000000000e+00
