0.000000000000000000e+00 2.421050000000000112e-03 2.894739999999999813e-03
0.000000000000000000e+00 0.000000000000000000e+00 -1.000000000000000000e+00
0.000000000000000000e+00 4.000000000000000083e-03 -1.000000000000000000e+00
0.000000000000000000e+00 2.421050000000000112e-03 -1.000000000000000000e+00
0.000000000000000000e+00 3.842110000000000143e-03 -1.000000000000000000e+00
0.000000000000000000e+00 4.157890000000000023e-03 -1.000000000000000000e+00
0.000000000000000000e+00 4.157890000000000023e-03 -1.000000000000000000e+00
0.000000000000000000e+00 4.000000000000000083e-03 -1.000000000000000000e+00
0.000000000000000000e+00 3.368420000000000008e-03 -1.000000000000000000e+00
0.000000000000000000e+00 3.947370000000000392e-03 -1.000000000000000000e+00
0.000000000000000000e+00 4.157890000000000023e-03 -1.000000000000000000e+00
0.000000000000000000e+00 4.105260000000000332e-03 -1.000000000000000000e+00
0.000000000000000000e+00 4.105260000000000332e-03 -1.000000000000000000e+00
0.000000000000000000e+00 4.052629999999999774e-03 -1.000000000000000000e+00
0.000000000000000000e+00 4.105260000000000332e-03 -1.000000000000000000e+00
