0.000000000000000000e+00 0.000000000000000000e+00 -1.000000000000000000e+00
0.000000000000000000e+00 3.643720000000000140e-04 -1.000000000000000000e+00
0.000000000000000000e+00 9.716599999999999500e-04 -1.000000000000000000e+00
0.000000000000000000e+00 1.012150000000000072e-03 -1.000000000000000000e+00
0.000000000000000000e+00 6.072869999999999744e-04 7.692309999999999946e-04
0.000000000000000000e+00 5.668020000000000393e-04 -1.000000000000000000e+00
0.000000000000000000e+00 1.012150000000000072e-03 -1.000000000000000000e+00
0.000000000000000000e+00 7.692309999999999946e-04 8.097170000000000539e-04
0.000000000000000000e+00 7.692309999999999946e-04 -1.000000000000000000e+00
0.000000000000000000e+00 8.502019999999999890e-04 -1.000000000000000000e+00
0.000000000000000000e+00 9.311739999999999991e-04 -1.000000000000000000e+00
0.000000000000000000e+00 9.716599999999999500e-04 -1.000000000000000000e+00
0.000000000000000000e+00 1.012150000000000072e-03 -1.000000000000000000e+00
