0.000000000000000000e+00 5.128210000000000017e-04 7.692309999999999946e-04
0.000000000000000000e+00 0.000000000000000000e+00 -1.000000000000000000e+00
0.000000000000000000e+00 1.282050000000000073e-03 -1.000000000000000000e+00
0.000000000000000000e+00 1.282050000000000073e-03 -1.000000000000000000e+00
0.000000000000000000e+00 1.282050000000000073e-03 -1.000000000000000000e+00
0.000000000000000000e+00 1.282050000000000073e-03 -1.000000000000000000e+00
0.000000000000000000e+00 7.692309999999999946e-04 -1.000000000000000000e+00
0.000000000000000000e+00 1.025639999999999972e-03 -1.000000000000000000e+00
0.000000000000000000e+00 1.282050000000000073e-03 -1.000000000000000000e+00
0.000000000000000000e+00 1.282050000000000073e-03 -1.000000000000000000e+00
0.000000000000000000e+00 1.282050000000000073e-03 -1.000000000000000000e+00
