0.000000000000000000e+00 0.000000000000000000e+00 -1.000000000000000000e+00
0.000000000000000000e+00 1.666670000000000087e-03 -1.000000000000000000e+00
0.000000000000000000e+00 1.866669999999999961e-03 -1.000000000000000000e+00
0.000000000000000000e+00 1.866669999999999961e-03 -1.000000000000000000e+00
0.000000000000000000e+00 5.999999999999999474e-04 -1.000000000000000000e+00
0.000000000000000000e+00 8.666670000000000016e-04 -1.000000000000000000e+00
0.000000000000000000e+00 1.000000000000000021e-03 -1.000000000000000000e+00
0.000000000000000000e+00 1.066670000000000031e-03 -1.000000000000000000e+00
0.000000000000000000e+00 1.066670000000000031e-03 -1.000000000000000000e+00
0.000000000000000000e+00 1.266669999999999905e-03 -1.000000000000000000e+00
0.000000000000000000e+00 1.733329999999999940e-03 -1.000000000000000000e+00
0.000000000000000000e+00 1.799999999999999951e-03 -1.000000000000000000e+00
0.000000000000000000e+00 1.866669999999999961e-03 -1.000000000000000000e+00
