0.000000000000000000e+00 0.000000000000000000e+00 -1.000000000000000000e+00
0.000000000000000000e+00 9.543120000000000205e-04 -1.000000000000000000e+00
0.000000000000000000e+00 1.908619999999999978e-03 2.147200000000000150e-03
0.000000000000000000e+00 1.670049999999999963e-03 -1.000000000000000000e+00
0.000000000000000000e+00 1.908619999999999978e-03 2.147200000000000150e-03
0.000000000000000000e+00 1.908619999999999978e-03 -1.000000000000000000e+00
0.000000000000000000e+00 2.147200000000000150e-03 -1.000000000000000000e+00
0.000000000000000000e+00 2.147200000000000150e-03 -1.000000000000000000e+00
0.000000000000000000e+00 2.147200000000000150e-03 -1.000000000000000000e+00
0.000000000000000000e+00 2.147200000000000150e-03 -1.000000000000000000e+00
