0.000000000000000000e+00 1.712329999999999918e-04 2.397260000000000016e-04
0.000000000000000000e+00 0.000000000000000000e+00 -1.000000000000000000e+00
0.000000000000000000e+00 1.027399999999999955e-04 -1.000000000000000000e+00
0.000000000000000000e+00 4.109590000000000205e-04 -1.000000000000000000e+00
0.000000000000000000e+00 2.397260000000000016e-04 2.739730000000000008e-04
0.000000000000000000e+00 2.054790000000000024e-04 -1.000000000000000000e+00
0.000000000000000000e+00 3.082189999999999843e-04 -1.000000000000000000e+00
0.000000000000000000e+00 4.109590000000000205e-04 -1.000000000000000000e+00
0.000000000000000000e+00 4.109590000000000205e-04 -1.000000000000000000e+00
0.000000000000000000e+00 4.452050000000000039e-04 -1.000000000000000000e+00
