0.000000000000000000e+00 4.838710000000000407e-03 4.874550000000000063e-03
0.000000000000000000e+00 0.000000000000000000e+00 -1.000000000000000000e+00
0.000000000000000000e+00 5.053760000000000023e-03 -1.000000000000000000e+00
0.000000000000000000e+00 5.555560000000000186e-03 5.698919999999999680e-03
0.000000000000000000e+00 5.555560000000000186e-03 -1.000000000000000000e+00
0.000000000000000000e+00 5.842289999999999983e-03 -1.000000000000000000e+00
0.000000000000000000e+00 4.910389999999999720e-03 -1.000000000000000000e+00
0.000000000000000000e+00 5.591399999999999842e-03 -1.000000000000000000e+00
0.000000000000000000e+00 5.734770000000000145e-03 -1.000000000000000000e+00
0.000000000000000000e+00 5.698919999999999680e-03 -1.000000000000000000e+00
