0.000000000000000000e+00 0.000000000000000000e+00 -1.000000000000000000e+00
0.000000000000000000e+00 1.214570000000000103e-03 -1.000000000000000000e+00
0.000000000000000000e+00 2.550610000000000030e-03 -1.000000000000000000e+00
0.000000000000000000e+00 1.983809999999999914e-03 -1.000000000000000000e+00
0.000000000000000000e+00 2.631580000000000117e-03 -1.000000000000000000e+00
0.000000000000000000e+00 2.186229999999999944e-03 -1.000000000000000000e+00
0.000000000000000000e+00 2.712550000000000204e-03 -1.000000000000000000e+00
0.000000000000000000e+00 2.307689999999999828e-03 -1.000000000000000000e+00
0.000000000000000000e+00 2.712550000000000204e-03 -1.000000000000000000e+00
0.000000000000000000e+00 2.712550000000000204e-03 -1.000000000000000000e+00
