0.000000000000000000e+00 2.024290000000000095e-04 4.048580000000000191e-04
0.000000000000000000e+00 0.000000000000000000e+00 -1.000000000000000000e+00
0.000000000000000000e+00 2.024290000000000095e-04 -1.000000000000000000e+00
0.000000000000000000e+00 6.882589999999999845e-04 -1.000000000000000000e+00
0.000000000000000000e+00 4.858299999999999750e-04 5.263159999999999800e-04
0.000000000000000000e+00 4.048580000000000191e-04 -1.000000000000000000e+00
0.000000000000000000e+00 5.263159999999999800e-04 -1.000000000000000000e+00
0.000000000000000000e+00 5.668020000000000393e-04 -1.000000000000000000e+00
0.000000000000000000e+00 6.477730000000000337e-04 -1.000000000000000000e+00
0.000000000000000000e+00 6.477730000000000337e-04 -1.000000000000000000e+00
0.000000000000000000e+00 6.882589999999999845e-04 -1.000000000000000000e+00
