0.000000000000000000e+00 1.133600000000000016e-03 -1.000000000000000000e+00
0.000000000000000000e+00 1.174090000000000029e-03 -1.000000000000000000e+00
0.000000000000000000e+00 4.858299999999999750e-04 -1.000000000000000000e+00
0.000000000000000000e+00 9.311739999999999991e-04 -1.000000000000000000e+00
0.000000000000000000e+00 0.000000000000000000e+00 -1.000000000000000000e+00
0.000000000000000000e+00 1.052629999999999929e-03 -1.000000000000000000e+00
0.000000000000000000e+00 9.311739999999999991e-04 -1.000000000000000000e+00
0.000000000000000000e+00 1.174090000000000029e-03 -1.000000000000000000e+00
0.000000000000000000e+00 1.093119999999999942e-03 -1.000000000000000000e+00
0.000000000000000000e+00 1.093119999999999942e-03 -1.000000000000000000e+00
0.000000000000000000e+00 1.174090000000000029e-03 -1.000000000000000000e+00
