0.000000000000000000e+00 2.385780000000000051e-04 9.543120000000000205e-04
0.000000000000000000e+00 0.000000000000000000e+00 -1.000000000000000000e+00
0.000000000000000000e+00 2.266489999999999911e-03 -1.000000000000000000e+00
0.000000000000000000e+00 2.266489999999999911e-03 -1.000000000000000000e+00
0.000000000000000000e+00 2.266489999999999911e-03 -1.000000000000000000e+00
0.000000000000000000e+00 2.027909999999999956e-03 -1.000000000000000000e+00
0.000000000000000000e+00 2.266489999999999911e-03 -1.000000000000000000e+00
0.000000000000000000e+00 2.266489999999999911e-03 -1.000000000000000000e+00
0.000000000000000000e+00 5.964450000000000264e-04 -1.000000000000000000e+00
0.000000000000000000e+00 1.192890000000000053e-03 -1.000000000000000000e+00
0.000000000000000000e+00 1.550759999999999986e-03 -1.000000000000000000e+00
0.000000000000000000e+00 2.027909999999999956e-03 -1.000000000000000000e+00
0.000000000000000000e+00 2.266489999999999911e-03 -1.000000000000000000e+00
