0.000000000000000000e+00 5.821920000000000393e-04 -1.000000000000000000e+00
0.000000000000000000e+00 0.000000000000000000e+00 -1.000000000000000000e+00
0.000000000000000000e+00 2.739730000000000008e-04 -1.000000000000000000e+00
0.000000000000000000e+00 4.452050000000000039e-04 4.794520000000000032e-04
0.000000000000000000e+00 3.082189999999999843e-04 -1.000000000000000000e+00
0.000000000000000000e+00 7.876709999999999875e-04 -1.000000000000000000e+00
0.000000000000000000e+00 5.479449999999999859e-04 -1.000000000000000000e+00
0.000000000000000000e+00 6.506850000000000220e-04 -1.000000000000000000e+00
0.000000000000000000e+00 7.534249999999999498e-04 -1.000000000000000000e+00
0.000000000000000000e+00 7.876709999999999875e-04 -1.000000000000000000e+00
