0.000000000000000000e+00 0.000000000000000000e+00 -1.000000000000000000e+00
0.000000000000000000e+00 4.065039999999999799e-03 -1.000000000000000000e+00
0.000000000000000000e+00 4.227640000000000391e-03 -1.000000000000000000e+00
0.000000000000000000e+00 4.715450000000000370e-03 4.796749999999999799e-03
0.000000000000000000e+00 4.715450000000000370e-03 -1.000000000000000000e+00
0.000000000000000000e+00 4.796749999999999799e-03 -1.000000000000000000e+00
0.000000000000000000e+00 4.878050000000000094e-03 -1.000000000000000000e+00
0.000000000000000000e+00 4.878050000000000094e-03 -1.000000000000000000e+00
0.000000000000000000e+00 4.959350000000000390e-03 -1.000000000000000000e+00
0.000000000000000000e+00 4.959350000000000390e-03 -1.000000000000000000e+00
