0.000000000000000000e+00 0.000000000000000000e+00 -1.000000000000000000e+00
0.000000000000000000e+00 5.736839999999999995e-03 -1.000000000000000000e+00
0.000000000000000000e+00 6.157890000000000065e-03 -1.000000000000000000e+00
0.000000000000000000e+00 6.526320000000000385e-03 -1.000000000000000000e+00
0.000000000000000000e+00 6.473679999999999886e-03 -1.000000000000000000e+00
0.000000000000000000e+00 6.473679999999999886e-03 6.526320000000000385e-03
0.000000000000000000e+00 6.421050000000000195e-03 6.526320000000000385e-03
0.000000000000000000e+00 6.473679999999999886e-03 6.526320000000000385e-03
0.000000000000000000e+00 6.263160000000000255e-03 -1.000000000000000000e+00
0.000000000000000000e+00 5.842110000000000185e-03 -1.000000000000000000e+00
0.000000000000000000e+00 6.526320000000000385e-03 -1.000000000000000000e+00
0.000000000000000000e+00 6.526320000000000385e-03 -1.000000000000000000e+00
0.000000000000000000e+00 6.526320000000000385e-03 -1.000000000000000000e+00
0.000000000000000000e+00 6.526320000000000385e-03 -1.000000000000000000e+00
0.000000000000000000e+00 6.526320000000000385e-03 -1.000000000000000000e+00
