0.000000000000000000e+00 0.000000000000000000e+00 -1.000000000000000000e+00
0.000000000000000000e+00 5.520830000000000008e-03 -1.000000000000000000e+00
0.000000000000000000e+00 2.812499999999999896e-03 2.916670000000000113e-03
0.000000000000000000e+00 1.874999999999999931e-03 -1.000000000000000000e+00
0.000000000000000000e+00 5.104169999999999888e-03 -1.000000000000000000e+00
0.000000000000000000e+00 2.812499999999999896e-03 -1.000000000000000000e+00
0.000000000000000000e+00 5.104169999999999888e-03 -1.000000000000000000e+00
0.000000000000000000e+00 5.416670000000000165e-03 -1.000000000000000000e+00
0.000000000000000000e+00 5.520830000000000008e-03 -1.000000000000000000e+00
0.000000000000000000e+00 5.520830000000000008e-03 -1.000000000000000000e+00
