0.000000000000000000e+00 7.770960000000000150e-04 9.202449999999999823e-04
0.000000000000000000e+00 8.793460000000000339e-04 -1.000000000000000000e+00
0.000000000000000000e+00 9.406949999999999644e-04 -1.000000000000000000e+00
0.000000000000000000e+00 0.000000000000000000e+00 -1.000000000000000000e+00
0.000000000000000000e+00 7.770960000000000150e-04 -1.000000000000000000e+00
0.000000000000000000e+00 9.611449999999999464e-04 -1.000000000000000000e+00
0.000000000000000000e+00 6.543970000000000299e-04 -1.000000000000000000e+00
0.000000000000000000e+00 9.611449999999999464e-04 -1.000000000000000000e+00
0.000000000000000000e+00 7.770960000000000150e-04 -1.000000000000000000e+00
0.000000000000000000e+00 9.815950000000000369e-04 -1.000000000000000000e+00
0.000000000000000000e+00 9.815950000000000369e-04 -1.000000000000000000e+00
0.000000000000000000e+00 9.815950000000000369e-04 -1.000000000000000000e+00
