0.000000000000000000e+00 0.000000000000000000e+00 -1.000000000000000000e+00
0.000000000000000000e+00 2.385780000000000051e-04 -1.000000000000000000e+00
0.000000000000000000e+00 8.350229999999999502e-04 9.543120000000000205e-04
0.000000000000000000e+00 7.157339999999999883e-04 -1.000000000000000000e+00
0.000000000000000000e+00 1.073600000000000075e-03 1.312180000000000030e-03
0.000000000000000000e+00 1.192890000000000053e-03 1.312180000000000030e-03
0.000000000000000000e+00 1.073600000000000075e-03 -1.000000000000000000e+00
0.000000000000000000e+00 1.312180000000000030e-03 -1.000000000000000000e+00
0.000000000000000000e+00 1.192890000000000053e-03 -1.000000000000000000e+00
0.000000000000000000e+00 1.312180000000000030e-03 -1.000000000000000000e+00
0.000000000000000000e+00 1.312180000000000030e-03 -1.000000000000000000e+00
