0.000000000000000000e+00 4.687499999999999827e-04 1.093750000000000104e-03
0.000000000000000000e+00 3.125000000000000065e-04 1.874999999999999931e-03
0.000000000000000000e+00 3.593750000000000156e-03 -1.000000000000000000e+00
0.000000000000000000e+00 1.406249999999999948e-03 -1.000000000000000000e+00
0.000000000000000000e+00 0.000000000000000000e+00 -1.000000000000000000e+00
0.000000000000000000e+00 3.749999999999999861e-03 -1.000000000000000000e+00
0.000000000000000000e+00 1.874999999999999931e-03 2.656250000000000191e-03
0.000000000000000000e+00 7.812500000000000434e-04 -1.000000000000000000e+00
0.000000000000000000e+00 1.562500000000000087e-03 -1.000000000000000000e+00
0.000000000000000000e+00 2.968750000000000035e-03 -1.000000000000000000e+00
0.000000000000000000e+00 3.125000000000000173e-03 -1.000000000000000000e+00
0.000000000000000000e+00 4.062500000000000139e-03 -1.000000000000000000e+00
