0.000000000000000000e+00 5.479449999999999859e-04 5.821920000000000393e-04
0.000000000000000000e+00 0.000000000000000000e+00 -1.000000000000000000e+00
0.000000000000000000e+00 1.198630000000000008e-03 -1.000000000000000000e+00
0.000000000000000000e+00 9.931510000000000598e-04 -1.000000000000000000e+00
0.000000000000000000e+00 6.506850000000000220e-04 -1.000000000000000000e+00
0.000000000000000000e+00 9.246579999999999687e-04 9.931510000000000598e-04
0.000000000000000000e+00 8.904110000000000236e-04 -1.000000000000000000e+00
0.000000000000000000e+00 1.130139999999999964e-03 1.164380000000000016e-03
0.000000000000000000e+00 1.027399999999999928e-03 -1.000000000000000000e+00
0.000000000000000000e+00 1.164380000000000016e-03 -1.000000000000000000e+00
0.000000000000000000e+00 1.164380000000000016e-03 -1.000000000000000000e+00
