0.000000000000000000e+00 1.949320000000000100e-04 2.144249999999999943e-04
0.000000000000000000e+00 7.797269999999999971e-05 -1.000000000000000000e+00
0.000000000000000000e+00 0.000000000000000000e+00 -1.000000000000000000e+00
0.000000000000000000e+00 2.923979999999999743e-04 -1.000000000000000000e+00
0.000000000000000000e+00 2.534109999999999900e-04 -1.000000000000000000e+00
0.000000000000000000e+00 2.729039999999999743e-04 -1.000000000000000000e+00
0.000000000000000000e+00 2.144249999999999943e-04 -1.000000000000000000e+00
0.000000000000000000e+00 2.339180000000000057e-04 -1.000000000000000000e+00
0.000000000000000000e+00 2.534109999999999900e-04 -1.000000000000000000e+00
0.000000000000000000e+00 2.923979999999999743e-04 -1.000000000000000000e+00
