0.000000000000000000e+00 3.424659999999999835e-05 5.136989999999999482e-04
0.000000000000000000e+00 1.575339999999999943e-03 -1.000000000000000000e+00
0.000000000000000000e+00 1.541099999999999892e-03 -1.000000000000000000e+00
0.000000000000000000e+00 1.472599999999999907e-03 -1.000000000000000000e+00
0.000000000000000000e+00 1.506849999999999900e-03 -1.000000000000000000e+00
0.000000000000000000e+00 0.000000000000000000e+00 -1.000000000000000000e+00
0.000000000000000000e+00 1.438360000000000073e-03 -1.000000000000000000e+00
0.000000000000000000e+00 1.575339999999999943e-03 -1.000000000000000000e+00
0.000000000000000000e+00 6.164379999999999686e-04 6.506850000000000220e-04
0.000000000000000000e+00 5.479449999999999859e-04 -1.000000000000000000e+00
0.000000000000000000e+00 1.541099999999999892e-03 -1.000000000000000000e+00
0.000000000000000000e+00 1.575339999999999943e-03 -1.000000000000000000e+00
0.000000000000000000e+00 8.904110000000000236e-04 -1.000000000000000000e+00
0.000000000000000000e+00 1.267120000000000052e-03 -1.000000000000000000e+00
