0.000000000000000000e+00 2.434670000000000052e-04 4.869340000000000105e-04
0.000000000000000000e+00 1.136180000000000089e-03 -1.000000000000000000e+00
0.000000000000000000e+00 0.000000000000000000e+00 -1.000000000000000000e+00
0.000000000000000000e+00 9.738680000000000210e-04 -1.000000000000000000e+00
0.000000000000000000e+00 3.246230000000000122e-04 5.680900000000000446e-04
0.000000000000000000e+00 1.623109999999999982e-04 -1.000000000000000000e+00
0.000000000000000000e+00 6.492450000000000087e-04 -1.000000000000000000e+00
0.000000000000000000e+00 8.115569999999999685e-04 -1.000000000000000000e+00
0.000000000000000000e+00 1.055020000000000046e-03 -1.000000000000000000e+00
0.000000000000000000e+00 1.055020000000000046e-03 -1.000000000000000000e+00
