0.000000000000000000e+00 2.000000000000000096e-04 2.666670000000000000e-04
0.000000000000000000e+00 0.000000000000000000e+00 -1.000000000000000000e+00
0.000000000000000000e+00 4.666669999999999824e-04 -1.000000000000000000e+00
0.000000000000000000e+00 2.666670000000000000e-04 3.333330000000000017e-04
0.000000000000000000e+00 1.333329999999999921e-04 -1.000000000000000000e+00
0.000000000000000000e+00 3.333330000000000017e-04 4.000000000000000192e-04
0.000000000000000000e+00 3.333330000000000017e-04 -1.000000000000000000e+00
0.000000000000000000e+00 4.666669999999999824e-04 -1.000000000000000000e+00
0.000000000000000000e+00 5.999999999999999474e-04 -1.000000000000000000e+00
0.000000000000000000e+00 5.999999999999999474e-04 -1.000000000000000000e+00
0.000000000000000000e+00 5.999999999999999474e-04 -1.000000000000000000e+00
