0.000000000000000000e+00 0.000000000000000000e+00 -1.000000000000000000e+00
0.000000000000000000e+00 1.947740000000000105e-03 -1.000000000000000000e+00
0.000000000000000000e+00 1.298490000000000017e-03 -1.000000000000000000e+00
0.000000000000000000e+00 1.460799999999999946e-03 -1.000000000000000000e+00
0.000000000000000000e+00 1.866580000000000062e-03 -1.000000000000000000e+00
0.000000000000000000e+00 2.028890000000000207e-03 -1.000000000000000000e+00
0.000000000000000000e+00 2.191199999999999919e-03 2.272360000000000178e-03
0.000000000000000000e+00 2.110050000000000033e-03 -1.000000000000000000e+00
0.000000000000000000e+00 2.353510000000000064e-03 2.434669999999999890e-03
0.000000000000000000e+00 2.272360000000000178e-03 -1.000000000000000000e+00
0.000000000000000000e+00 2.434669999999999890e-03 2.515830000000000150e-03
0.000000000000000000e+00 2.434669999999999890e-03 2.515830000000000150e-03
0.000000000000000000e+00 2.434669999999999890e-03 -1.000000000000000000e+00
0.000000000000000000e+00 2.515830000000000150e-03 -1.000000000000000000e+00
0.000000000000000000e+00 2.515830000000000150e-03 -1.000000000000000000e+00
0.000000000000000000e+00 2.515830000000000150e-03 -1.000000000000000000e+00
0.000000000000000000e+00 2.515830000000000150e-03 -1.000000000000000000e+00
