0.000000000000000000e+00 0.000000000000000000e+00 -1.000000000000000000e+00
0.000000000000000000e+00 3.200000000000000153e-03 -1.000000000000000000e+00
0.000000000000000000e+00 2.200000000000000133e-03 -1.000000000000000000e+00
0.000000000000000000e+00 2.866669999999999982e-03 2.933330000000000052e-03
0.000000000000000000e+00 2.799999999999999972e-03 -1.000000000000000000e+00
0.000000000000000000e+00 2.866669999999999982e-03 -1.000000000000000000e+00
0.000000000000000000e+00 2.933330000000000052e-03 -1.000000000000000000e+00
0.000000000000000000e+00 2.933330000000000052e-03 -1.000000000000000000e+00
0.000000000000000000e+00 3.133330000000000143e-03 3.200000000000000153e-03
0.000000000000000000e+00 3.133330000000000143e-03 -1.000000000000000000e+00
0.000000000000000000e+00 3.200000000000000153e-03 -1.000000000000000000e+00
0.000000000000000000e+00 3.200000000000000153e-03 -1.000000000000000000e+00
