0.000000000000000000e+00 4.212330000000000241e-03 4.315069999999999843e-03
0.000000000000000000e+00 0.000000000000000000e+00 -1.000000000000000000e+00
0.000000000000000000e+00 2.191779999999999944e-03 -1.000000000000000000e+00
0.000000000000000000e+00 4.520549999999999916e-03 4.623290000000000385e-03
0.000000000000000000e+00 4.383559999999999887e-03 4.657530000000000003e-03
0.000000000000000000e+00 3.869860000000000140e-03 -1.000000000000000000e+00
0.000000000000000000e+00 4.623290000000000385e-03 4.657530000000000003e-03
0.000000000000000000e+00 4.623290000000000385e-03 -1.000000000000000000e+00
0.000000000000000000e+00 4.657530000000000003e-03 -1.000000000000000000e+00
0.000000000000000000e+00 4.657530000000000003e-03 -1.000000000000000000e+00
0.000000000000000000e+00 4.657530000000000003e-03 -1.000000000000000000e+00
0.000000000000000000e+00 4.657530000000000003e-03 -1.000000000000000000e+00
