0.000000000000000000e+00 0.000000000000000000e+00 -1.000000000000000000e+00
0.000000000000000000e+00 3.936539999999999657e-03 -1.000000000000000000e+00
0.000000000000000000e+00 3.936539999999999657e-03 -1.000000000000000000e+00
0.000000000000000000e+00 3.817249999999999897e-03 -1.000000000000000000e+00
0.000000000000000000e+00 1.312180000000000030e-03 2.027909999999999956e-03
0.000000000000000000e+00 1.312180000000000030e-03 -1.000000000000000000e+00
0.000000000000000000e+00 2.027909999999999956e-03 -1.000000000000000000e+00
0.000000000000000000e+00 2.266489999999999911e-03 -1.000000000000000000e+00
0.000000000000000000e+00 2.624360000000000061e-03 -1.000000000000000000e+00
0.000000000000000000e+00 2.982230000000000211e-03 -1.000000000000000000e+00
0.000000000000000000e+00 3.340089999999999986e-03 -1.000000000000000000e+00
0.000000000000000000e+00 3.459380000000000181e-03 3.697960000000000136e-03
0.000000000000000000e+00 3.340089999999999986e-03 -1.000000000000000000e+00
0.000000000000000000e+00 3.697960000000000136e-03 -1.000000000000000000e+00
0.000000000000000000e+00 3.697960000000000136e-03 -1.000000000000000000e+00
