0.000000000000000000e+00 0.000000000000000000e+00 1.192890000000000026e-04
0.000000000000000000e+00 1.073600000000000075e-03 1.670049999999999963e-03
0.000000000000000000e+00 0.000000000000000000e+00 -1.000000000000000000e+00
0.000000000000000000e+00 2.982230000000000211e-03 -1.000000000000000000e+00
0.000000000000000000e+00 1.908619999999999978e-03 -1.000000000000000000e+00
0.000000000000000000e+00 4.055829999999999852e-03 -1.000000000000000000e+00
0.000000000000000000e+00 3.220799999999999792e-03 -1.000000000000000000e+00
0.000000000000000000e+00 3.936539999999999657e-03 -1.000000000000000000e+00
0.000000000000000000e+00 4.055829999999999852e-03 -1.000000000000000000e+00
0.000000000000000000e+00 4.055829999999999852e-03 -1.000000000000000000e+00
