0.000000000000000000e+00 9.677419999999999512e-04 1.039430000000000041e-03
0.000000000000000000e+00 2.150540000000000047e-04 1.111110000000000006e-03
0.000000000000000000e+00 0.000000000000000000e+00 -1.000000000000000000e+00
0.000000000000000000e+00 1.182799999999999910e-03 -1.000000000000000000e+00
0.000000000000000000e+00 6.451609999999999984e-04 -1.000000000000000000e+00
0.000000000000000000e+00 1.146950000000000096e-03 -1.000000000000000000e+00
0.000000000000000000e+00 1.146950000000000096e-03 1.182799999999999910e-03
0.000000000000000000e+00 1.111110000000000006e-03 -1.000000000000000000e+00
0.000000000000000000e+00 6.093189999999999848e-04 -1.000000000000000000e+00
0.000000000000000000e+00 9.677419999999999512e-04 -1.000000000000000000e+00
0.000000000000000000e+00 1.182799999999999910e-03 -1.000000000000000000e+00
0.000000000000000000e+00 1.182799999999999910e-03 -1.000000000000000000e+00
