0.000000000000000000e+00 3.105259999999999878e-03 -1.000000000000000000e+00
0.000000000000000000e+00 3.789470000000000078e-03 -1.000000000000000000e+00
0.000000000000000000e+00 0.000000000000000000e+00 -1.000000000000000000e+00
0.000000000000000000e+00 3.684209999999999829e-03 -1.000000000000000000e+00
0.000000000000000000e+00 3.789470000000000078e-03 -1.000000000000000000e+00
0.000000000000000000e+00 2.421050000000000112e-03 2.631580000000000117e-03
0.000000000000000000e+00 1.684210000000000004e-03 -1.000000000000000000e+00
0.000000000000000000e+00 3.052630000000000187e-03 3.473679999999999823e-03
0.000000000000000000e+00 3.157890000000000003e-03 3.473679999999999823e-03
0.000000000000000000e+00 2.631580000000000117e-03 -1.000000000000000000e+00
0.000000000000000000e+00 3.473679999999999823e-03 3.526319999999999889e-03
0.000000000000000000e+00 3.473679999999999823e-03 3.526319999999999889e-03
0.000000000000000000e+00 3.473679999999999823e-03 -1.000000000000000000e+00
0.000000000000000000e+00 3.526319999999999889e-03 -1.000000000000000000e+00
0.000000000000000000e+00 3.526319999999999889e-03 -1.000000000000000000e+00
0.000000000000000000e+00 3.526319999999999889e-03 -1.000000000000000000e+00
