0.000000000000000000e+00 5.263159999999999800e-04 5.458089999999999643e-04
0.000000000000000000e+00 0.000000000000000000e+00 -1.000000000000000000e+00
0.000000000000000000e+00 7.407409999999999472e-04 -1.000000000000000000e+00
0.000000000000000000e+00 4.483430000000000271e-04 -1.000000000000000000e+00
0.000000000000000000e+00 5.847950000000000413e-04 -1.000000000000000000e+00
0.000000000000000000e+00 5.458089999999999643e-04 -1.000000000000000000e+00
0.000000000000000000e+00 6.822609999999999786e-04 -1.000000000000000000e+00
0.000000000000000000e+00 7.212479999999999629e-04 -1.000000000000000000e+00
0.000000000000000000e+00 5.458089999999999643e-04 -1.000000000000000000e+00
0.000000000000000000e+00 7.212479999999999629e-04 -1.000000000000000000e+00
0.000000000000000000e+00 7.407409999999999472e-04 -1.000000000000000000e+00
