0.000000000000000000e+00 0.000000000000000000e+00 -1.000000000000000000e+00
0.000000000000000000e+00 9.157890000000000127e-03 -1.000000000000000000e+00
0.000000000000000000e+00 9.052630000000000746e-03 -1.000000000000000000e+00
0.000000000000000000e+00 8.684209999999999499e-03 -1.000000000000000000e+00
0.000000000000000000e+00 9.157890000000000127e-03 -1.000000000000000000e+00
0.000000000000000000e+00 7.947370000000000476e-03 -1.000000000000000000e+00
0.000000000000000000e+00 8.894739999999999938e-03 -1.000000000000000000e+00
0.000000000000000000e+00 9.105260000000000437e-03 -1.000000000000000000e+00
0.000000000000000000e+00 9.105260000000000437e-03 -1.000000000000000000e+00
0.000000000000000000e+00 9.157890000000000127e-03 -1.000000000000000000e+00
