0.000000000000000000e+00 1.533330000000000066e-03 2.399999999999999790e-03
0.000000000000000000e+00 2.399999999999999790e-03 -1.000000000000000000e+00
0.000000000000000000e+00 0.000000000000000000e+00 -1.000000000000000000e+00
0.000000000000000000e+00 2.266670000000000143e-03 -1.000000000000000000e+00
0.000000000000000000e+00 2.133330000000000122e-03 -1.000000000000000000e+00
0.000000000000000000e+00 2.266670000000000143e-03 2.399999999999999790e-03
0.000000000000000000e+00 2.200000000000000133e-03 -1.000000000000000000e+00
0.000000000000000000e+00 2.399999999999999790e-03 2.466669999999999800e-03
0.000000000000000000e+00 2.399999999999999790e-03 2.466669999999999800e-03
0.000000000000000000e+00 2.399999999999999790e-03 -1.000000000000000000e+00
0.000000000000000000e+00 2.466669999999999800e-03 -1.000000000000000000e+00
0.000000000000000000e+00 2.466669999999999800e-03 -1.000000000000000000e+00
0.000000000000000000e+00 2.466669999999999800e-03 -1.000000000000000000e+00
