0.000000000000000000e+00 9.713700000000000459e-03 9.918200000000000280e-03
0.000000000000000000e+00 0.000000000000000000e+00 -1.000000000000000000e+00
0.000000000000000000e+00 1.006130000000000045e-02 -1.000000000000000000e+00
0.000000000000000000e+00 9.918200000000000280e-03 -1.000000000000000000e+00
0.000000000000000000e+00 9.938650000000000262e-03 -1.000000000000000000e+00
0.000000000000000000e+00 9.959100000000000244e-03 -1.000000000000000000e+00
0.000000000000000000e+00 1.002040000000000049e-02 -1.000000000000000000e+00
0.000000000000000000e+00 1.000000000000000021e-02 -1.000000000000000000e+00
0.000000000000000000e+00 1.004090000000000017e-02 -1.000000000000000000e+00
0.000000000000000000e+00 1.004090000000000017e-02 -1.000000000000000000e+00
0.000000000000000000e+00 1.004090000000000017e-02 -1.000000000000000000e+00
0.000000000000000000e+00 1.002040000000000049e-02 -1.000000000000000000e+00
