0.000000000000000000e+00 2.526319999999999868e-03 2.631580000000000117e-03
0.000000000000000000e+00 1.210530000000000026e-03 3.526319999999999889e-03
0.000000000000000000e+00 3.473679999999999823e-03 3.526319999999999889e-03
0.000000000000000000e+00 0.000000000000000000e+00 -1.000000000000000000e+00
0.000000000000000000e+00 3.578950000000000013e-03 -1.000000000000000000e+00
0.000000000000000000e+00 3.578950000000000013e-03 -1.000000000000000000e+00
0.000000000000000000e+00 3.368420000000000008e-03 3.578950000000000013e-03
0.000000000000000000e+00 3.631580000000000138e-03 3.842110000000000143e-03
0.000000000000000000e+00 3.736839999999999953e-03 3.842110000000000143e-03
0.000000000000000000e+00 3.368420000000000008e-03 -1.000000000000000000e+00
0.000000000000000000e+00 3.894739999999999834e-03 -1.000000000000000000e+00
0.000000000000000000e+00 3.842110000000000143e-03 -1.000000000000000000e+00
0.000000000000000000e+00 3.684209999999999829e-03 -1.000000000000000000e+00
0.000000000000000000e+00 3.842110000000000143e-03 -1.000000000000000000e+00
0.000000000000000000e+00 3.842110000000000143e-03 -1.000000000000000000e+00
0.000000000000000000e+00 3.736839999999999953e-03 -1.000000000000000000e+00
0.000000000000000000e+00 3.894739999999999834e-03 -1.000000000000000000e+00
0.000000000000000000e+00 3.842110000000000143e-03 -1.000000000000000000e+00
