0.000000000000000000e+00 9.345790000000000521e-05 2.803740000000000095e-04
0.000000000000000000e+00 3.738319999999999946e-04 5.607480000000000190e-04
0.000000000000000000e+00 0.000000000000000000e+00 -1.000000000000000000e+00
0.000000000000000000e+00 2.523360000000000099e-03 -1.000000000000000000e+00
0.000000000000000000e+00 5.607480000000000190e-04 -1.000000000000000000e+00
0.000000000000000000e+00 9.345790000000000521e-04 -1.000000000000000000e+00
0.000000000000000000e+00 2.149530000000000191e-03 -1.000000000000000000e+00
0.000000000000000000e+00 2.523360000000000099e-03 -1.000000000000000000e+00
0.000000000000000000e+00 2.616820000000000170e-03 -1.000000000000000000e+00
0.000000000000000000e+00 2.710279999999999807e-03 -1.000000000000000000e+00
