0.000000000000000000e+00 2.434670000000000052e-04 3.246230000000000122e-04
0.000000000000000000e+00 2.434670000000000052e-04 4.057779999999999764e-04
0.000000000000000000e+00 3.246230000000000122e-04 4.869340000000000105e-04
0.000000000000000000e+00 0.000000000000000000e+00 -1.000000000000000000e+00
0.000000000000000000e+00 1.298490000000000017e-03 -1.000000000000000000e+00
0.000000000000000000e+00 1.298490000000000017e-03 -1.000000000000000000e+00
0.000000000000000000e+00 1.379650000000000060e-03 -1.000000000000000000e+00
0.000000000000000000e+00 6.492450000000000087e-04 7.304009999999999886e-04
0.000000000000000000e+00 4.869340000000000105e-04 -1.000000000000000000e+00
0.000000000000000000e+00 1.379650000000000060e-03 -1.000000000000000000e+00
0.000000000000000000e+00 1.379650000000000060e-03 -1.000000000000000000e+00
0.000000000000000000e+00 8.927120000000000411e-04 9.738680000000000210e-04
0.000000000000000000e+00 8.115569999999999685e-04 -1.000000000000000000e+00
0.000000000000000000e+00 1.217329999999999975e-03 -1.000000000000000000e+00
0.000000000000000000e+00 1.379650000000000060e-03 -1.000000000000000000e+00
0.000000000000000000e+00 1.379650000000000060e-03 -1.000000000000000000e+00
