0.000000000000000000e+00 2.894739999999999813e-03 3.000000000000000062e-03
0.000000000000000000e+00 0.000000000000000000e+00 -1.000000000000000000e+00
0.000000000000000000e+00 2.842110000000000122e-03 -1.000000000000000000e+00
0.000000000000000000e+00 4.105260000000000332e-03 -1.000000000000000000e+00
0.000000000000000000e+00 4.263160000000000213e-03 -1.000000000000000000e+00
0.000000000000000000e+00 3.842110000000000143e-03 3.947370000000000392e-03
0.000000000000000000e+00 3.578950000000000013e-03 -1.000000000000000000e+00
0.000000000000000000e+00 4.263160000000000213e-03 -1.000000000000000000e+00
0.000000000000000000e+00 4.210529999999999655e-03 -1.000000000000000000e+00
0.000000000000000000e+00 3.894739999999999834e-03 -1.000000000000000000e+00
0.000000000000000000e+00 4.263160000000000213e-03 -1.000000000000000000e+00
0.000000000000000000e+00 4.263160000000000213e-03 -1.000000000000000000e+00
0.000000000000000000e+00 4.210529999999999655e-03 -1.000000000000000000e+00
0.000000000000000000e+00 4.263160000000000213e-03 -1.000000000000000000e+00
0.000000000000000000e+00 4.210529999999999655e-03 -1.000000000000000000e+00
