0.000000000000000000e+00 1.635990000000000035e-04 2.862990000000000044e-04
0.000000000000000000e+00 0.000000000000000000e+00 -1.000000000000000000e+00
0.000000000000000000e+00 6.339470000000000478e-04 -1.000000000000000000e+00
0.000000000000000000e+00 6.543970000000000299e-04 -1.000000000000000000e+00
0.000000000000000000e+00 5.112470000000000469e-04 -1.000000000000000000e+00
0.000000000000000000e+00 6.748470000000000120e-04 -1.000000000000000000e+00
0.000000000000000000e+00 5.316970000000000290e-04 -1.000000000000000000e+00
0.000000000000000000e+00 6.952969999999999940e-04 -1.000000000000000000e+00
0.000000000000000000e+00 7.770960000000000150e-04 -1.000000000000000000e+00
0.000000000000000000e+00 6.748470000000000120e-04 -1.000000000000000000e+00
0.000000000000000000e+00 6.952969999999999940e-04 -1.000000000000000000e+00
