0.000000000000000000e+00 4.452050000000000039e-04 4.794520000000000032e-04
0.000000000000000000e+00 5.479449999999999859e-04 -1.000000000000000000e+00
0.000000000000000000e+00 0.000000000000000000e+00 -1.000000000000000000e+00
0.000000000000000000e+00 1.130139999999999964e-03 -1.000000000000000000e+00
0.000000000000000000e+00 1.164380000000000016e-03 -1.000000000000000000e+00
0.000000000000000000e+00 7.191780000000000048e-04 -1.000000000000000000e+00
0.000000000000000000e+00 7.876709999999999875e-04 -1.000000000000000000e+00
0.000000000000000000e+00 9.931510000000000598e-04 -1.000000000000000000e+00
0.000000000000000000e+00 1.130139999999999964e-03 -1.000000000000000000e+00
0.000000000000000000e+00 1.130139999999999964e-03 -1.000000000000000000e+00
