0.000000000000000000e+00 7.692309999999999946e-03 -1.000000000000000000e+00
0.000000000000000000e+00 7.948719999999999397e-03 -1.000000000000000000e+00
0.000000000000000000e+00 9.743589999999999890e-03 -1.000000000000000000e+00
0.000000000000000000e+00 1.000000000000000021e-02 -1.000000000000000000e+00
0.000000000000000000e+00 8.974360000000000670e-03 -1.000000000000000000e+00
0.000000000000000000e+00 0.000000000000000000e+00 -1.000000000000000000e+00
0.000000000000000000e+00 1.000000000000000021e-02 -1.000000000000000000e+00
0.000000000000000000e+00 5.128210000000000233e-03 -1.000000000000000000e+00
0.000000000000000000e+00 8.717950000000000352e-03 -1.000000000000000000e+00
0.000000000000000000e+00 9.230769999999999254e-03 -1.000000000000000000e+00
0.000000000000000000e+00 9.743589999999999890e-03 -1.000000000000000000e+00
