0.000000000000000000e+00 0.000000000000000000e+00 -1.000000000000000000e+00
0.000000000000000000e+00 2.803740000000000095e-04 -1.000000000000000000e+00
0.000000000000000000e+00 2.149530000000000191e-03 -1.000000000000000000e+00
0.000000000000000000e+00 3.457940000000000059e-03 3.738319999999999838e-03
0.000000000000000000e+00 3.364489999999999929e-03 -1.000000000000000000e+00
0.000000000000000000e+00 3.738319999999999838e-03 3.831779999999999908e-03
0.000000000000000000e+00 3.738319999999999838e-03 -1.000000000000000000e+00
0.000000000000000000e+00 3.831779999999999908e-03 -1.000000000000000000e+00
0.000000000000000000e+00 3.831779999999999908e-03 -1.000000000000000000e+00
0.000000000000000000e+00 3.831779999999999908e-03 -1.000000000000000000e+00
