0.000000000000000000e+00 0.000000000000000000e+00 -1.000000000000000000e+00
0.000000000000000000e+00 5.680900000000000446e-04 -1.000000000000000000e+00
0.000000000000000000e+00 2.434669999999999890e-03 -1.000000000000000000e+00
0.000000000000000000e+00 1.785420000000000019e-03 -1.000000000000000000e+00
0.000000000000000000e+00 2.515830000000000150e-03 2.596980000000000035e-03
0.000000000000000000e+00 2.353510000000000064e-03 -1.000000000000000000e+00
0.000000000000000000e+00 2.596980000000000035e-03 2.678139999999999861e-03
0.000000000000000000e+00 2.596980000000000035e-03 -1.000000000000000000e+00
0.000000000000000000e+00 2.840450000000000006e-03 -1.000000000000000000e+00
0.000000000000000000e+00 2.678139999999999861e-03 -1.000000000000000000e+00
0.000000000000000000e+00 2.759290000000000180e-03 -1.000000000000000000e+00
0.000000000000000000e+00 2.678139999999999861e-03 -1.000000000000000000e+00
