0.000000000000000000e+00 0.000000000000000000e+00 -1.000000000000000000e+00
0.000000000000000000e+00 4.444440000000000023e-03 -1.000000000000000000e+00
0.000000000000000000e+00 5.000000000000000104e-03 -1.000000000000000000e+00
0.000000000000000000e+00 5.111110000000000306e-03 -1.000000000000000000e+00
0.000000000000000000e+00 3.222220000000000032e-03 -1.000000000000000000e+00
0.000000000000000000e+00 4.000000000000000083e-03 4.111110000000000285e-03
0.000000000000000000e+00 4.000000000000000083e-03 -1.000000000000000000e+00
0.000000000000000000e+00 5.111110000000000306e-03 -1.000000000000000000e+00
0.000000000000000000e+00 5.111110000000000306e-03 -1.000000000000000000e+00
0.000000000000000000e+00 5.222219999999999640e-03 -1.000000000000000000e+00
