0.000000000000000000e+00 2.188139999999999877e-03 2.249489999999999823e-03
0.000000000000000000e+00 0.000000000000000000e+00 -1.000000000000000000e+00
0.000000000000000000e+00 2.515340000000000024e-03 -1.000000000000000000e+00
0.000000000000000000e+00 2.167689999999999895e-03 -1.000000000000000000e+00
0.000000000000000000e+00 2.106339999999999948e-03 -1.000000000000000000e+00
0.000000000000000000e+00 2.310840000000000203e-03 -1.000000000000000000e+00
0.000000000000000000e+00 2.331290000000000185e-03 -1.000000000000000000e+00
0.000000000000000000e+00 2.515340000000000024e-03 -1.000000000000000000e+00
0.000000000000000000e+00 2.515340000000000024e-03 -1.000000000000000000e+00
0.000000000000000000e+00 2.515340000000000024e-03 -1.000000000000000000e+00
0.000000000000000000e+00 2.413090000000000113e-03 -1.000000000000000000e+00
0.000000000000000000e+00 2.413090000000000113e-03 -1.000000000000000000e+00
0.000000000000000000e+00 2.576689999999999970e-03 -1.000000000000000000e+00
