0.000000000000000000e+00 1.095889999999999972e-03 -1.000000000000000000e+00
0.000000000000000000e+00 0.000000000000000000e+00 -1.000000000000000000e+00
0.000000000000000000e+00 1.095889999999999972e-03 -1.000000000000000000e+00
0.000000000000000000e+00 9.589040000000000064e-04 -1.000000000000000000e+00
0.000000000000000000e+00 8.561639999999999702e-04 -1.000000000000000000e+00
0.000000000000000000e+00 7.534249999999999498e-04 8.219180000000000409e-04
0.000000000000000000e+00 7.191780000000000048e-04 -1.000000000000000000e+00
0.000000000000000000e+00 8.561639999999999702e-04 9.246579999999999687e-04
0.000000000000000000e+00 7.876709999999999875e-04 -1.000000000000000000e+00
0.000000000000000000e+00 9.589040000000000064e-04 -1.000000000000000000e+00
0.000000000000000000e+00 1.027399999999999928e-03 -1.000000000000000000e+00
0.000000000000000000e+00 1.130139999999999964e-03 -1.000000000000000000e+00
0.000000000000000000e+00 1.130139999999999964e-03 -1.000000000000000000e+00
0.000000000000000000e+00 1.130139999999999964e-03 -1.000000000000000000e+00
