0.000000000000000000e+00 4.444440000000000023e-03 4.777779999999999701e-03
0.000000000000000000e+00 3.222220000000000032e-03 6.222219999999999661e-03
0.000000000000000000e+00 7.555560000000000227e-03 -1.000000000000000000e+00
0.000000000000000000e+00 7.222219999999999682e-03 -1.000000000000000000e+00
0.000000000000000000e+00 0.000000000000000000e+00 -1.000000000000000000e+00
0.000000000000000000e+00 7.555560000000000227e-03 -1.000000000000000000e+00
0.000000000000000000e+00 6.222219999999999661e-03 6.444440000000000064e-03
0.000000000000000000e+00 7.222219999999999682e-03 7.444440000000000085e-03
0.000000000000000000e+00 6.333329999999999863e-03 -1.000000000000000000e+00
0.000000000000000000e+00 5.777779999999999722e-03 -1.000000000000000000e+00
0.000000000000000000e+00 7.444440000000000085e-03 7.555560000000000227e-03
0.000000000000000000e+00 7.444440000000000085e-03 7.555560000000000227e-03
0.000000000000000000e+00 7.333329999999999883e-03 7.555560000000000227e-03
0.000000000000000000e+00 6.444440000000000064e-03 -1.000000000000000000e+00
0.000000000000000000e+00 7.000000000000000146e-03 -1.000000000000000000e+00
0.000000000000000000e+00 7.000000000000000146e-03 -1.000000000000000000e+00
0.000000000000000000e+00 7.555560000000000227e-03 -1.000000000000000000e+00
0.000000000000000000e+00 7.555560000000000227e-03 -1.000000000000000000e+00
0.000000000000000000e+00 7.555560000000000227e-03 -1.000000000000000000e+00
0.000000000000000000e+00 7.555560000000000227e-03 -1.000000000000000000e+00
