0.000000000000000000e+00 1.792110000000000025e-04 2.508960000000000183e-04
0.000000000000000000e+00 7.168460000000000142e-05 -1.000000000000000000e+00
0.000000000000000000e+00 0.000000000000000000e+00 -1.000000000000000000e+00
0.000000000000000000e+00 5.017920000000000366e-04 -1.000000000000000000e+00
0.000000000000000000e+00 5.376340000000000502e-04 -1.000000000000000000e+00
0.000000000000000000e+00 5.734769999999999712e-04 -1.000000000000000000e+00
0.000000000000000000e+00 3.942649999999999801e-04 -1.000000000000000000e+00
0.000000000000000000e+00 5.017920000000000366e-04 -1.000000000000000000e+00
0.000000000000000000e+00 5.376340000000000502e-04 -1.000000000000000000e+00
0.000000000000000000e+00 5.734769999999999712e-04 -1.000000000000000000e+00
