0.000000000000000000e+00 1.666670000000000087e-03 2.222220000000000011e-03
0.000000000000000000e+00 0.000000000000000000e+00 -1.000000000000000000e+00
0.000000000000000000e+00 3.333329999999999800e-03 -1.000000000000000000e+00
0.000000000000000000e+00 3.222220000000000032e-03 -1.000000000000000000e+00
0.000000000000000000e+00 2.666669999999999891e-03 -1.000000000000000000e+00
0.000000000000000000e+00 2.111109999999999810e-03 -1.000000000000000000e+00
0.000000000000000000e+00 3.222220000000000032e-03 -1.000000000000000000e+00
0.000000000000000000e+00 2.777780000000000093e-03 -1.000000000000000000e+00
0.000000000000000000e+00 3.333329999999999800e-03 -1.000000000000000000e+00
0.000000000000000000e+00 3.333329999999999800e-03 -1.000000000000000000e+00
0.000000000000000000e+00 3.000000000000000062e-03 -1.000000000000000000e+00
0.000000000000000000e+00 3.333329999999999800e-03 -1.000000000000000000e+00
0.000000000000000000e+00 3.111109999999999830e-03 -1.000000000000000000e+00
