0.000000000000000000e+00 0.000000000000000000e+00 -1.000000000000000000e+00
0.000000000000000000e+00 9.797570000000000237e-03 -1.000000000000000000e+00
0.000000000000000000e+00 9.838059999999999167e-03 -1.000000000000000000e+00
0.000000000000000000e+00 9.595140000000000266e-03 9.716600000000000584e-03
0.000000000000000000e+00 9.595140000000000266e-03 -1.000000000000000000e+00
0.000000000000000000e+00 7.611340000000000293e-03 -1.000000000000000000e+00
0.000000000000000000e+00 9.676109999999999919e-03 9.797570000000000237e-03
0.000000000000000000e+00 9.473679999999999948e-03 -1.000000000000000000e+00
0.000000000000000000e+00 9.676109999999999919e-03 -1.000000000000000000e+00
0.000000000000000000e+00 9.838059999999999167e-03 -1.000000000000000000e+00
0.000000000000000000e+00 9.838059999999999167e-03 -1.000000000000000000e+00
0.000000000000000000e+00 9.878539999999999890e-03 -1.000000000000000000e+00
0.000000000000000000e+00 9.919030000000000555e-03 -1.000000000000000000e+00
