0.000000000000000000e+00 0.000000000000000000e+00 -1.000000000000000000e+00
0.000000000000000000e+00 3.774829999999999852e-03 -1.000000000000000000e+00
0.000000000000000000e+00 2.781459999999999922e-03 -1.000000000000000000e+00
0.000000000000000000e+00 4.900660000000000259e-03 -1.000000000000000000e+00
0.000000000000000000e+00 5.231790000000000052e-03 -1.000000000000000000e+00
0.000000000000000000e+00 5.099339999999999949e-03 -1.000000000000000000e+00
0.000000000000000000e+00 5.165559999999999596e-03 -1.000000000000000000e+00
0.000000000000000000e+00 5.364240000000000154e-03 -1.000000000000000000e+00
0.000000000000000000e+00 5.165559999999999596e-03 -1.000000000000000000e+00
0.000000000000000000e+00 5.364240000000000154e-03 -1.000000000000000000e+00
