1 5
2 7
3 8
4 35
5 47
6 157
7 162
8 167
9 171
10 187
11 204
12 307
13 345
14 943
15 1154
16 1158
17 2298
18 2315
19 7189
20 7481
21 39999
22 40002
23 42558
24 42845
25 43022
26 44249
27 48315
28 48892
29 49633
30 53149
31 57790
32 65025
33 75989
34 104502
35 104531
36 182416
37 257609
38 257831
39 257923
40 268110
41 296381
42 297031
43 298944
44 325265
45 366465
46 446797
47 476695
48 1432799
49 1739625
50 1741453
51 1742252
52 1767123
53 1815727
54 1815731
55 1815742
56 1815761
57 1815762
58 1815942
59 1815951
60 1816217
61 1816355
62 1818616
63 1818736
64 1818742
65 1818775
66 1818867
67 1818895
68 1819118
69 1824357
70 1824613
71 1825259
72 1825467
73 1825844
74 1826760
75 1828006
76 1832308
77 1836976
78 1838864
79 1841380
80 1841386
81 1865643
82 1865691
83 1867110
84 1869793
85 1869843
86 1872874
87 1873753
88 1873764
89 1874278
90 1875324
91 1876009
92 1876155
93 1876500
94 1876522
95 1876766
96 1876768
97 1877417
98 1877886
99 1882393
100 1885337
