1 5
2 6
3 8
4 30
5 44
6 47
7 49
8 82
9 157
10 162
11 167
12 171
13 307
14 345
15 924
16 1148
17 1158
18 1286
19 1288
20 1411
21 4358
22 7189
23 9610
24 17275
25 26152
26 26522
27 34488
28 39984
29 40002
30 40086
31 40165
32 40462
33 42526
34 42561
35 42617
36 42631
37 42643
38 48315
39 48318
40 49311
41 49439
42 50163
43 51336
44 52501
45 52876
46 53774
47 56343
48 57442
49 68981
50 72782
51 73830
52 73838
53 76134
54 77644
55 104480
56 107272
57 111074
58 116316
59 117122
60 117501
61 257831
62 257923
63 296381
64 315851
65 316875
66 376679
67 1442974
68 1502803
69 1745143
70 1747321
71 1759288
72 1767541
73 1927522
74 1979394
75 1982273
76 1982751
77 2089904
78 2201528
79 2202150
80 2205016
81 2207979
82 2209105
83 2210667
84 2212850
85 2488288
86 2575434
87 2625636
88 5687005
89 5919494
90 6428138
91 6510361
92 6522723
93 6522724
94 6523079
95 6529816
96 6534199
97 6534836
98 6534963
99 6535042
100 6535661
