1 5
2 6
3 7
4 8
5 13
6 17
7 19
8 44
9 48
10 49
11 82
12 118
13 157
14 162
15 171
16 303
17 307
18 332
19 345
20 789
21 924
22 1158
23 1287
24 1288
25 1820
26 2205
27 2401
28 4474
29 7189
30 7481
31 39984
32 40011
33 40074
34 40086
35 40164
36 40165
37 41640
38 42526
39 42617
40 42631
41 46371
42 48315
43 48318
44 49311
45 52876
46 56067
47 56343
48 59640
49 68995
50 75994
51 75995
52 77644
53 85213
54 104480
55 104502
56 104531
57 107272
58 116316
59 142341
60 257923
61 315851
62 319745
63 391840
64 1449351
65 1680729
66 1692366
67 1739318
68 1741453
69 1759288
70 1846466
71 1848819
72 1927522
73 1982273
74 1982751
75 2011271
76 2202150
77 2207979
78 2596723
79 2600538
80 2625470
81 2625476
82 2625636
83 2627774
84 2628343
85 2628889
86 2631396
87 2631513
88 2632175
89 2632182
90 2632198
91 2632301
92 2632793
93 2632808
94 2633562
95 2633953
96 2634335
97 2634976
98 2639546
99 2639614
100 2641907
