1 5
2 6
3 8
4 30
5 35
6 44
7 47
8 82
9 157
10 167
11 171
12 187
13 204
14 223
15 307
16 345
17 503
18 789
19 943
20 1158
21 1288
22 1579
23 1695
24 2139
25 39975
26 47043
27 56507
28 76134
29 104480
30 104502
31 104622
32 104631
33 104976
34 105196
35 107272
36 107428
37 109053
38 111181
39 112007
40 113289
41 114483
42 191729
43 257609
44 257633
45 258235
46 258921
47 264763
48 314731
49 357997
50 362128
51 376507
52 1432375
53 1448462
54 1449570
55 1512412
56 1513738
57 1745946
58 1756921
59 1757224
60 1763110
61 1764240
62 1782021
63 1841034
64 1879188
65 1927849
66 1958615
67 1992435
68 1993489
69 2551861
70 2551880
71 2552016
72 2552031
73 2552046
74 2553748
75 2553867
76 2554362
77 2554624
78 2555173
79 2556014
80 2556511
81 2558087
82 2558244
83 2558294
84 2558387
85 2558568
86 2563218
87 2565416
88 2565683
89 2565984
90 2566655
91 2575315
92 2575346
93 2575355
94 2575455
95 2575458
96 2575462
97 2575538
98 2575610
99 2575619
100 2576037
101 2576153
