1 5
2 7
3 8
4 13
5 17
6 19
7 30
8 49
9 82
10 118
11 162
12 924
13 1288
14 1411
15 1820
16 2691
17 7189
18 24369
19 40044
20 40079
21 42643
22 42907
23 48315
24 48318
25 56266
26 56343
27 57728
28 68962
29 73830
30 75984
31 75994
32 75995
33 76134
34 77644
35 104502
36 104531
37 104631
38 142341
39 312235
40 315851
41 316875
42 324414
43 383669
44 383741
45 396454
46 930403
47 1462048
48 1740994
49 1741073
50 1745098
51 1746888
52 1747184
53 1747190
54 1747991
55 1748011
56 1748165
57 1748195
58 1753948
59 1927522
60 2212838
61 2335667
62 4068567
63 4359701
64 5247092
65 5919106
66 6072869
67 9944339
68 9944453
69 9944598
70 9946421
71 9947970
72 9952900
73 9954724
74 9954725
75 9954726
76 9954727
77 9954728
78 9954729
79 9954730
80 9954731
81 9954733
82 9954734
83 9954735
84 9954736
85 9954737
86 9954738
87 9954739
88 9954740
89 9954741
90 9954744
91 9954750
92 9954957
93 9955125
94 9961003
95 9961012
96 9961500
97 9963197
98 9963278
99 9966181
100 9966209
