1 5
2 6
3 7
4 8
5 19
6 30
7 44
8 47
9 49
10 82
11 157
12 162
13 171
14 187
15 204
16 307
17 345
18 789
19 1286
20 1288
21 4358
22 7189
23 8072
24 10598
25 15272
26 16792
27 40002
28 40058
29 40072
30 40165
31 40462
32 41640
33 42537
34 42558
35 42880
36 48315
37 48598
38 56343
39 56535
40 75989
41 76134
42 76174
43 93944
44 94917
45 95124
46 104480
47 113357
48 114841
49 182440
50 242484
51 312488
52 315851
53 324975
54 326652
55 334503
56 353182
57 376679
58 384356
59 1438920
60 1449351
61 1450327
62 1697516
63 1717481
64 1741453
65 1741744
66 1744531
67 1751750
68 1752650
69 1752903
70 1754301
71 1756171
72 1756182
73 1756323
74 1756442
75 1756482
76 1757699
77 1757723
78 1757808
79 1765107
80 1927492
81 1981266
82 2924235
83 2953849
84 3245682
85 3390393
86 5203309
87 6075757
88 9783319
89 9785522
90 9786179
91 9786664
92 9791782
93 9792836
94 9795687
95 9797326
96 9797353
97 9797378
98 9799019
99 9809776
100 9810551
