1 1
2 2
3 3
4 4
5 5
6 6
7 7
8 8
9 9
10 10
11 11
12 12
13 13
14 14
15 15
16 16
17 17
18 18
19 19
20 20
21 21
22 22
23 23
24 24
25 25
26 26
27 27
28 28
29 29
30 30
31 31
32 129
33 130
34 131
35 132
36 133
37 134
38 135
39 136
40 137
41 138
42 275
43 419
44 461
45 716
46 717
47 2030
48 2116
49 3008
50 3267
51 3706
52 3882
53 3883
54 3884
55 3885
56 3905
57 3935
58 3936
59 3937
60 3938
61 3939
62 3940
63 3941
64 3942
65 3943
66 3944
67 4101
68 4122
69 5183
70 8439
71 9690
72 10418
73 10512
74 10965
75 18352
76 19024
77 20002
78 22641
79 24712
80 31738
81 32635
82 33798
83 33878
84 37423
85 37424
86 37425
87 37440
88 37472
89 37538
90 39435
