1 87
2 95
3 185
4 189
5 193
6 319
7 364
8 413
9 537
10 571
11 674
12 760
13 761
14 806
15 808
16 809
17 810
18 1110
19 1411
20 1549
21 1559
22 1649
23 1842
24 1942
25 2342
26 2345
27 2856
28 4470
29 4665
30 4722
31 5197
32 5478
33 5763
34 5802
35 6688
36 7307
37 7990
38 10101
39 10782
40 10800
41 10888
42 11142
43 11149
44 11207
45 11217
46 11377
47 11380
48 11382
49 11610
50 12516
51 12531
52 12754
53 12985
54 13007
55 13286
56 13531
57 13669
58 13761
59 14706
60 15414
61 15643
62 15811
63 16154
64 16403
65 16814
66 17387
67 17485
68 19335
69 19457
70 20386
71 20468
72 20556
73 21540
74 21995
75 22209
76 22313
77 22536
78 22704
79 24062
80 24306
81 24913
82 25205
83 25622
84 25804
85 27290
86 27505
87 27814
88 30122
89 37446
90 39346
