1 101
2 102
3 103
4 105
5 108
6 110
7 112
8 114
9 116
10 123
11 124
12 125
13 126
14 127
15 128
16 181
17 201
18 205
19 206
20 208
21 211
22 212
23 213
24 265
25 266
26 267
27 268
28 270
29 271
30 272
31 273
32 274
33 322
34 324
35 326
36 369
37 370
38 371
39 374
40 377
41 378
42 460
43 506
44 544
45 579
46 582
47 583
48 587
49 639
50 640
51 642
52 682
53 684
54 688
55 689
56 979
57 1051
58 1083
59 1270
60 1328
61 1774
62 2242
63 3734
64 6401
65 8942
66 9993
67 10277
68 10500
69 14587
70 19809
71 19891
72 21854
73 22096
74 23782
75 23783
76 24135
77 25643
78 25940
79 26032
80 28855
81 29002
82 29337
83 30639
84 31192
85 33600
86 33671
87 33672
88 36027
89 37675
90 41961
