1 223
2 1561
3 1966
4 3673
5 4745
6 5951
7 5964
8 5969
9 6039
10 6063
11 6074
12 6131
13 6160
14 6163
15 6168
16 6170
17 6181
18 6203
19 6242
20 6271
21 6319
22 6320
23 6357
24 6415
25 6450
26 6458
27 6505
28 6513
29 6547
30 6608
31 6610
32 6651
33 6673
34 6723
35 6747
36 6842
37 6945
38 7019
39 7048
40 7065
41 7067
42 7111
43 7140
44 7154
45 7157
46 7158
47 7164
48 7165
49 7209
50 7226
51 7254
52 7270
53 7377
54 7378
55 7386
56 7457
57 7552
58 7639
59 7832
60 7961
61 7962
62 8417
63 8430
64 8572
65 8986
66 9096
67 9097
68 9135
69 9454
70 9711
71 9765
72 9766
73 9872
74 10082
75 10117
76 10129
77 10296
78 10405
79 10409
80 10428
81 10429
82 10877
83 15381
84 17882
85 31511
86 31641
87 31644
88 42088
89 42226
90 43258
91 43313
