1 33
2 34
3 43
4 57
5 74
6 78
7 79
8 82
9 83
10 143
11 170
12 181
13 215
14 324
15 329
16 345
17 355
18 390
19 410
20 521
21 642
22 860
23 1205
24 1365
25 2321
26 3650
27 4046
28 5050
29 5185
30 5412
31 5453
32 5699
33 5911
34 9135
35 9190
36 9306
37 9656
38 9742
39 9865
40 10367
41 10378
42 10828
43 11190
44 11553
45 12166
46 12415
47 12786
48 13335
49 13401
50 14759
51 14885
52 16464
53 16724
54 17124
55 19125
56 19893
57 20293
58 20476
59 21595
60 21854
61 22351
62 22442
63 22739
64 22781
65 22936
66 23066
67 23264
68 23398
69 23666
70 23802
71 24472
72 25880
73 26527
74 26894
75 27446
76 28590
77 28591
78 30009
79 30333
80 30477
81 31291
82 32906
83 33482
84 33483
85 36051
86 36053
87 36101
88 36104
89 36109
90 36596
