0.000000000000000000e+00 1.021919999999999946e-03 1.077669999999999973e-03
0.000000000000000000e+00 1.040509999999999916e-03 -1.000000000000000000e+00
0.000000000000000000e+00 9.661840000000000315e-04 -1.000000000000000000e+00
0.000000000000000000e+00 0.000000000000000000e+00 -1.000000000000000000e+00
0.000000000000000000e+00 1.096250000000000002e-03 -1.000000000000000000e+00
0.000000000000000000e+00 8.918619999999999933e-04 -1.000000000000000000e+00
0.000000000000000000e+00 1.077669999999999973e-03 -1.000000000000000000e+00
0.000000000000000000e+00 1.077669999999999973e-03 -1.000000000000000000e+00
0.000000000000000000e+00 1.096250000000000002e-03 -1.000000000000000000e+00
0.000000000000000000e+00 1.096250000000000002e-03 -1.000000000000000000e+00
