0.000000000000000000e+00 8.918619999999999933e-04 -1.000000000000000000e+00
0.000000000000000000e+00 0.000000000000000000e+00 -1.000000000000000000e+00
0.000000000000000000e+00 7.617989999999999614e-04 -1.000000000000000000e+00
0.000000000000000000e+00 8.547010000000000284e-04 -1.000000000000000000e+00
0.000000000000000000e+00 9.847639999999999519e-04 -1.000000000000000000e+00
0.000000000000000000e+00 1.077669999999999973e-03 -1.000000000000000000e+00
0.000000000000000000e+00 1.003339999999999918e-03 -1.000000000000000000e+00
0.000000000000000000e+00 9.847639999999999519e-04 -1.000000000000000000e+00
0.000000000000000000e+00 1.077669999999999973e-03 -1.000000000000000000e+00
0.000000000000000000e+00 1.059089999999999945e-03 -1.000000000000000000e+00
0.000000000000000000e+00 1.059089999999999945e-03 -1.000000000000000000e+00
