0.000000000000000000e+00 1.003339999999999918e-03 1.653659999999999939e-03
0.000000000000000000e+00 0.000000000000000000e+00 -1.000000000000000000e+00
0.000000000000000000e+00 1.653659999999999939e-03 -1.000000000000000000e+00
0.000000000000000000e+00 1.635079999999999910e-03 -1.000000000000000000e+00
0.000000000000000000e+00 1.690819999999999997e-03 -1.000000000000000000e+00
0.000000000000000000e+00 1.635079999999999910e-03 -1.000000000000000000e+00
0.000000000000000000e+00 1.653659999999999939e-03 1.672239999999999968e-03
0.000000000000000000e+00 1.653659999999999939e-03 -1.000000000000000000e+00
0.000000000000000000e+00 1.672239999999999968e-03 -1.000000000000000000e+00
0.000000000000000000e+00 1.672239999999999968e-03 -1.000000000000000000e+00
