0.000000000000000000e+00 2.415460000000000079e-04 -1.000000000000000000e+00
0.000000000000000000e+00 5.574140000000000133e-05 -1.000000000000000000e+00
0.000000000000000000e+00 0.000000000000000000e+00 -1.000000000000000000e+00
0.000000000000000000e+00 2.043849999999999888e-04 -1.000000000000000000e+00
0.000000000000000000e+00 3.158680000000000190e-04 -1.000000000000000000e+00
0.000000000000000000e+00 3.158680000000000190e-04 -1.000000000000000000e+00
0.000000000000000000e+00 2.415460000000000079e-04 -1.000000000000000000e+00
0.000000000000000000e+00 2.972869999999999745e-04 -1.000000000000000000e+00
0.000000000000000000e+00 2.601260000000000096e-04 -1.000000000000000000e+00
0.000000000000000000e+00 3.158680000000000190e-04 -1.000000000000000000e+00
