0.000000000000000000e+00 5.759940000000000285e-04 -1.000000000000000000e+00
0.000000000000000000e+00 4.087699999999999776e-04 -1.000000000000000000e+00
0.000000000000000000e+00 7.060569999999999520e-04 -1.000000000000000000e+00
0.000000000000000000e+00 7.060569999999999520e-04 -1.000000000000000000e+00
0.000000000000000000e+00 0.000000000000000000e+00 -1.000000000000000000e+00
0.000000000000000000e+00 5.945749999999999647e-04 -1.000000000000000000e+00
0.000000000000000000e+00 5.759940000000000285e-04 -1.000000000000000000e+00
0.000000000000000000e+00 6.503159999999999583e-04 -1.000000000000000000e+00
0.000000000000000000e+00 6.503159999999999583e-04 -1.000000000000000000e+00
0.000000000000000000e+00 7.060569999999999520e-04 -1.000000000000000000e+00
