0.000000000000000000e+00 2.229649999999999905e-04 -1.000000000000000000e+00
0.000000000000000000e+00 0.000000000000000000e+00 -1.000000000000000000e+00
0.000000000000000000e+00 7.432179999999999711e-05 -1.000000000000000000e+00
0.000000000000000000e+00 2.787069999999999999e-04 -1.000000000000000000e+00
0.000000000000000000e+00 1.114830000000000031e-04 -1.000000000000000000e+00
0.000000000000000000e+00 2.972869999999999745e-04 -1.000000000000000000e+00
0.000000000000000000e+00 2.787069999999999999e-04 -1.000000000000000000e+00
0.000000000000000000e+00 2.601260000000000096e-04 -1.000000000000000000e+00
0.000000000000000000e+00 3.158680000000000190e-04 -1.000000000000000000e+00
0.000000000000000000e+00 2.787069999999999999e-04 -1.000000000000000000e+00
0.000000000000000000e+00 3.158680000000000190e-04 -1.000000000000000000e+00
