0.000000000000000000e+00 6.317350000000000222e-04 -1.000000000000000000e+00
0.000000000000000000e+00 6.317350000000000222e-04 -1.000000000000000000e+00
0.000000000000000000e+00 4.830920000000000158e-04 -1.000000000000000000e+00
0.000000000000000000e+00 0.000000000000000000e+00 -1.000000000000000000e+00
0.000000000000000000e+00 5.016719999999999903e-04 -1.000000000000000000e+00
0.000000000000000000e+00 6.688959999999999871e-04 -1.000000000000000000e+00
0.000000000000000000e+00 6.131549999999999934e-04 -1.000000000000000000e+00
0.000000000000000000e+00 4.830920000000000158e-04 -1.000000000000000000e+00
0.000000000000000000e+00 6.688959999999999871e-04 -1.000000000000000000e+00
0.000000000000000000e+00 6.317350000000000222e-04 -1.000000000000000000e+00
