0.000000000000000000e+00 5.574139999999999998e-04 5.759940000000000285e-04
0.000000000000000000e+00 3.344479999999999936e-04 -1.000000000000000000e+00
0.000000000000000000e+00 1.486439999999999951e-04 -1.000000000000000000e+00
0.000000000000000000e+00 0.000000000000000000e+00 -1.000000000000000000e+00
0.000000000000000000e+00 5.388329999999999552e-04 -1.000000000000000000e+00
0.000000000000000000e+00 5.574139999999999998e-04 -1.000000000000000000e+00
0.000000000000000000e+00 4.645110000000000254e-04 -1.000000000000000000e+00
0.000000000000000000e+00 2.972869999999999745e-04 -1.000000000000000000e+00
0.000000000000000000e+00 4.830920000000000158e-04 -1.000000000000000000e+00
0.000000000000000000e+00 5.574139999999999998e-04 -1.000000000000000000e+00
