0.000000000000000000e+00 6.874770000000000316e-04 -1.000000000000000000e+00
0.000000000000000000e+00 5.759940000000000285e-04 -1.000000000000000000e+00
0.000000000000000000e+00 5.574139999999999998e-04 -1.000000000000000000e+00
0.000000000000000000e+00 7.060569999999999520e-04 -1.000000000000000000e+00
0.000000000000000000e+00 7.060569999999999520e-04 -1.000000000000000000e+00
0.000000000000000000e+00 0.000000000000000000e+00 -1.000000000000000000e+00
0.000000000000000000e+00 7.060569999999999520e-04 -1.000000000000000000e+00
0.000000000000000000e+00 3.716090000000000127e-04 -1.000000000000000000e+00
0.000000000000000000e+00 6.688959999999999871e-04 -1.000000000000000000e+00
0.000000000000000000e+00 7.060569999999999520e-04 -1.000000000000000000e+00
