0.000000000000000000e+00 0.000000000000000000e+00 -1.000000000000000000e+00
0.000000000000000000e+00 5.202530000000000349e-04 -1.000000000000000000e+00
0.000000000000000000e+00 3.344479999999999936e-04 -1.000000000000000000e+00
0.000000000000000000e+00 4.087699999999999776e-04 -1.000000000000000000e+00
0.000000000000000000e+00 5.202530000000000349e-04 -1.000000000000000000e+00
0.000000000000000000e+00 5.574139999999999998e-04 -1.000000000000000000e+00
0.000000000000000000e+00 3.158680000000000190e-04 -1.000000000000000000e+00
0.000000000000000000e+00 4.459309999999999967e-04 -1.000000000000000000e+00
0.000000000000000000e+00 5.759940000000000285e-04 -1.000000000000000000e+00
0.000000000000000000e+00 5.016719999999999903e-04 -1.000000000000000000e+00
