0.000000000000000000e+00 5.202530000000000349e-04 -1.000000000000000000e+00
0.000000000000000000e+00 0.000000000000000000e+00 -1.000000000000000000e+00
0.000000000000000000e+00 5.574139999999999998e-04 -1.000000000000000000e+00
0.000000000000000000e+00 7.246379999999999965e-04 -1.000000000000000000e+00
0.000000000000000000e+00 7.246379999999999965e-04 -1.000000000000000000e+00
0.000000000000000000e+00 7.246379999999999965e-04 -1.000000000000000000e+00
0.000000000000000000e+00 6.131549999999999934e-04 -1.000000000000000000e+00
0.000000000000000000e+00 7.060569999999999520e-04 -1.000000000000000000e+00
0.000000000000000000e+00 7.432180000000000253e-04 -1.000000000000000000e+00
0.000000000000000000e+00 7.246379999999999965e-04 -1.000000000000000000e+00
