0.000000000000000000e+00 5.945749999999999647e-03 6.243030000000000107e-03
0.000000000000000000e+00 6.150130000000000180e-03 -1.000000000000000000e+00
0.000000000000000000e+00 6.428839999999999902e-03 -1.000000000000000000e+00
0.000000000000000000e+00 0.000000000000000000e+00 -1.000000000000000000e+00
0.000000000000000000e+00 6.335930000000000034e-03 -1.000000000000000000e+00
0.000000000000000000e+00 6.298770000000000410e-03 -1.000000000000000000e+00
0.000000000000000000e+00 6.020069999999999762e-03 -1.000000000000000000e+00
0.000000000000000000e+00 6.298770000000000410e-03 -1.000000000000000000e+00
0.000000000000000000e+00 6.410260000000000090e-03 -1.000000000000000000e+00
0.000000000000000000e+00 6.428839999999999902e-03 -1.000000000000000000e+00
