0.000000000000000000e+00 6.317350000000000222e-04 -1.000000000000000000e+00
0.000000000000000000e+00 7.432179999999999711e-05 -1.000000000000000000e+00
0.000000000000000000e+00 0.000000000000000000e+00 -1.000000000000000000e+00
0.000000000000000000e+00 3.158680000000000190e-04 -1.000000000000000000e+00
0.000000000000000000e+00 5.759940000000000285e-04 -1.000000000000000000e+00
0.000000000000000000e+00 5.016719999999999903e-04 -1.000000000000000000e+00
0.000000000000000000e+00 6.131549999999999934e-04 -1.000000000000000000e+00
0.000000000000000000e+00 4.830920000000000158e-04 -1.000000000000000000e+00
0.000000000000000000e+00 6.503159999999999583e-04 -1.000000000000000000e+00
0.000000000000000000e+00 6.688959999999999871e-04 -1.000000000000000000e+00
