0.000000000000000000e+00 0.000000000000000000e+00 -1.000000000000000000e+00
0.000000000000000000e+00 1.802299999999999952e-03 -1.000000000000000000e+00
0.000000000000000000e+00 1.913790000000000066e-03 -1.000000000000000000e+00
0.000000000000000000e+00 1.932370000000000095e-03 -1.000000000000000000e+00
0.000000000000000000e+00 1.616500000000000098e-03 -1.000000000000000000e+00
0.000000000000000000e+00 1.876630000000000008e-03 -1.000000000000000000e+00
0.000000000000000000e+00 1.858049999999999979e-03 1.913790000000000066e-03
0.000000000000000000e+00 1.783719999999999924e-03 -1.000000000000000000e+00
0.000000000000000000e+00 1.913790000000000066e-03 -1.000000000000000000e+00
0.000000000000000000e+00 1.913790000000000066e-03 -1.000000000000000000e+00
