0.000000000000000000e+00 1.486439999999999951e-04 -1.000000000000000000e+00
0.000000000000000000e+00 2.415460000000000079e-04 -1.000000000000000000e+00
0.000000000000000000e+00 1.858049999999999939e-05 -1.000000000000000000e+00
0.000000000000000000e+00 0.000000000000000000e+00 -1.000000000000000000e+00
0.000000000000000000e+00 2.043849999999999888e-04 -1.000000000000000000e+00
0.000000000000000000e+00 1.672239999999999968e-04 -1.000000000000000000e+00
0.000000000000000000e+00 2.601260000000000096e-04 -1.000000000000000000e+00
0.000000000000000000e+00 2.415460000000000079e-04 -1.000000000000000000e+00
0.000000000000000000e+00 2.601260000000000096e-04 -1.000000000000000000e+00
0.000000000000000000e+00 2.415460000000000079e-04 -1.000000000000000000e+00
