0.000000000000000000e+00 9.290230000000000666e-05 -1.000000000000000000e+00
0.000000000000000000e+00 5.574140000000000133e-05 -1.000000000000000000e+00
0.000000000000000000e+00 0.000000000000000000e+00 -1.000000000000000000e+00
0.000000000000000000e+00 3.716089999999999856e-05 -1.000000000000000000e+00
0.000000000000000000e+00 1.672239999999999968e-04 -1.000000000000000000e+00
0.000000000000000000e+00 1.114830000000000031e-04 -1.000000000000000000e+00
0.000000000000000000e+00 1.486439999999999951e-04 -1.000000000000000000e+00
0.000000000000000000e+00 1.486439999999999951e-04 -1.000000000000000000e+00
0.000000000000000000e+00 1.672239999999999968e-04 -1.000000000000000000e+00
0.000000000000000000e+00 1.672239999999999968e-04 -1.000000000000000000e+00
