0.000000000000000000e+00 1.769290000000000131e-04 1.946209999999999921e-04
0.000000000000000000e+00 2.300070000000000088e-04 2.477000000000000035e-04
0.000000000000000000e+00 0.000000000000000000e+00 -1.000000000000000000e+00
0.000000000000000000e+00 2.477000000000000035e-04 2.653929999999999983e-04
0.000000000000000000e+00 3.361640000000000158e-04 3.538570000000000105e-04
0.000000000000000000e+00 1.946209999999999921e-04 -1.000000000000000000e+00
0.000000000000000000e+00 3.538570000000000105e-04 3.715500000000000053e-04
0.000000000000000000e+00 3.892430000000000000e-04 4.069359999999999948e-04
0.000000000000000000e+00 2.653929999999999983e-04 -1.000000000000000000e+00
0.000000000000000000e+00 3.538570000000000105e-04 3.715500000000000053e-04
0.000000000000000000e+00 2.830859999999999930e-04 -1.000000000000000000e+00
