0.000000000000000000e+00 1.758240000000000107e-03 -1.000000000000000000e+00
0.000000000000000000e+00 0.000000000000000000e+00 -1.000000000000000000e+00
0.000000000000000000e+00 1.805339999999999896e-03 -1.000000000000000000e+00
0.000000000000000000e+00 1.789639999999999894e-03 -1.000000000000000000e+00
0.000000000000000000e+00 1.632650000000000030e-03 -1.000000000000000000e+00
0.000000000000000000e+00 1.773939999999999892e-03 -1.000000000000000000e+00
0.000000000000000000e+00 1.726840000000000102e-03 -1.000000000000000000e+00
0.000000000000000000e+00 1.805339999999999896e-03 -1.000000000000000000e+00
0.000000000000000000e+00 6.279430000000000287e-05 -1.000000000000000000e+00
0.000000000000000000e+00 7.692309999999999946e-04 -1.000000000000000000e+00
0.000000000000000000e+00 1.177389999999999947e-03 -1.000000000000000000e+00
