0.000000000000000000e+00 7.378340000000000376e-04 -1.000000000000000000e+00
0.000000000000000000e+00 7.378340000000000376e-04 -1.000000000000000000e+00
0.000000000000000000e+00 7.378340000000000376e-04 -1.000000000000000000e+00
0.000000000000000000e+00 7.378340000000000376e-04 -1.000000000000000000e+00
0.000000000000000000e+00 7.221350000000000512e-04 -1.000000000000000000e+00
0.000000000000000000e+00 7.221350000000000512e-04 -1.000000000000000000e+00
0.000000000000000000e+00 7.221350000000000512e-04 -1.000000000000000000e+00
0.000000000000000000e+00 7.221350000000000512e-04 -1.000000000000000000e+00
0.000000000000000000e+00 6.593410000000000286e-04 -1.000000000000000000e+00
0.000000000000000000e+00 0.000000000000000000e+00 -1.000000000000000000e+00
0.000000000000000000e+00 7.535320000000000082e-04 -1.000000000000000000e+00
