0.000000000000000000e+00 0.000000000000000000e+00 -1.000000000000000000e+00
0.000000000000000000e+00 1.098900000000000067e-04 -1.000000000000000000e+00
0.000000000000000000e+00 2.825750000000000245e-04 -1.000000000000000000e+00
0.000000000000000000e+00 3.296700000000000064e-04 -1.000000000000000000e+00
0.000000000000000000e+00 3.296700000000000064e-04 -1.000000000000000000e+00
0.000000000000000000e+00 3.610679999999999792e-04 -1.000000000000000000e+00
0.000000000000000000e+00 3.610679999999999792e-04 -1.000000000000000000e+00
0.000000000000000000e+00 3.610679999999999792e-04 -1.000000000000000000e+00
0.000000000000000000e+00 3.767660000000000041e-04 -1.000000000000000000e+00
0.000000000000000000e+00 3.767660000000000041e-04 -1.000000000000000000e+00
